ObjectType = Scene
NDims = 3
NObjects = 2
ObjectType = Group
NDims = 3
BinaryData = False
TransformMatrix = 1 0 0 0 1 0 0 0 1
Offset = 0 0 0
CenterOfRotation = 0 0 0
ElementSpacing = 1 1 1
EndGroup = 
ObjectType = Tube
NDims = 3
ID = 0
Color = 1 0 0 1
BinaryData = False
TransformMatrix = 1 0 0 0 1 0 0 0 1
Offset = 0 0 0
CenterOfRotation = 0 0 0
ElementSpacing = 1 1 1
Root = False
Artery = True
PointDim = id x y z red green blue alpha mark r rn mn bn cv lv ro in tx ty tz v1x v1y v1z v2x v2y v2z a1 a2 a3
NPoints = 232
Points = 
0 65.585 113.353 76.5797 1 0 0 1 0 0 0 0 0 0 0 0 0 -0.894569 0.0846964 0.438831 0.094257 0.995548 0 -0.436877 0.0413629 -0.89857 0 0 0 
1 64.7191 113.473 77.0652 1 0 0 1 0 0 0 0 0 0 0 0 0 -0.894569 0.0846964 0.438831 -0.168045 0.846088 -0.505863 -0.414134 -0.526272 -0.742651 0 0 0 
2 63.7996 113.522 77.4555 1 0 0 1 0 0 0 0 0 0 0 0 0 -0.935447 0.0250103 0.352581 -0.169508 0.84357 -0.509566 -0.310171 -0.536437 -0.784875 0 0 0 
3 62.8503 113.523 77.7696 1 0 0 1 0 0 0 0 0 0 0 0 0 -0.956121 -0.0153968 0.292566 -0.188912 0.795683 -0.5755 -0.223929 -0.605517 -0.763678 0 0 0 
4 61.8882 113.491 78.0404 1 0 0 1 0 0 0 0 0 0 0 0 0 -0.965723 -0.0442905 0.25577 -0.181659 0.819152 -0.544049 -0.185418 -0.571864 -0.79912 0 0 0 
5 60.9192 113.434 78.281 1 0 0 1 0 0 0 0 0 0 0 0 0 -0.972488 -0.0676044 0.222926 -0.194312 0.76324 -0.616204 -0.128488 -0.642569 -0.755378 0 0 0 
6 59.9436 113.356 78.4861 1 0 0 1 0 0 0 0 0 0 0 0 0 -0.97627 -0.0892505 0.197307 -0.216373 0.364713 -0.905631 0.00886735 -0.926833 -0.37537 0 0 0 
7 58.9668 113.256 78.6756 1 0 0 1 0 0 0 0 0 0 0 0 0 -0.975765 -0.111795 0.188107 -0.18402 -0.0459173 -0.981849 0.118404 -0.99267 0.024232 0 0 0 
8 57.9922 113.132 78.8623 1 0 0 1 0 0 0 0 0 0 0 0 0 -0.97248 -0.136717 0.188657 -0.189451 -0.00730515 -0.981863 0.135615 -0.990583 -0.018797 0 0 0 
9 57.022 112.983 79.0529 1 0 0 1 0 0 0 0 0 0 0 0 0 -0.968629 -0.162399 0.188105 -0.248007 0.583575 -0.773261 0.0158035 -0.795655 -0.605544 0 0 0 
10 56.0551 112.807 79.2385 1 0 0 1 0 0 0 0 0 0 0 0 0 -0.96816 -0.177361 0.176663 -0.248235 0.771374 -0.585971 -0.0323449 -0.611167 -0.79084 0 0 0 
11 55.0858 112.628 79.4062 1 0 0 1 0 0 0 0 0 0 0 0 0 -0.96855 -0.187006 0.164132 -0.195735 0.165379 -0.966611 0.153618 -0.968338 -0.196782 0 0 0 
12 54.1181 112.433 79.5668 1 0 0 1 0 0 0 0 0 0 0 0 0 -0.965402 -0.205677 0.1603 -0.134291 -0.134805 -0.98173 0.223528 -0.969291 0.10252 0 0 0 
13 53.1551 112.217 79.7268 1 0 0 1 0 0 0 0 0 0 0 0 0 -0.95961 -0.229462 0.162774 -0.0852821 -0.314098 -0.945552 0.268096 -0.921243 0.281843 0 0 0 
14 52.1991 111.975 79.8923 1 0 0 1 0 0 0 0 0 0 0 0 0 -0.952867 -0.25161 0.169523 -0.0752506 -0.345296 -0.935472 0.293909 -0.904137 0.310088 0 0 0 
15 51.2495 111.713 80.0658 1 0 0 1 0 0 0 0 0 0 0 0 0 -0.948417 -0.264948 0.174088 -0.230955 0.201259 -0.951922 0.217173 -0.943026 -0.252068 0 0 0 
16 50.3022 111.445 80.2404 1 0 0 1 0 0 0 0 0 0 0 0 0 -0.945448 -0.277458 0.170723 -0.230991 0.201408 -0.951881 0.229722 -0.939389 -0.25451 0 0 0 
17 49.3587 111.158 80.4072 1 0 0 1 0 0 0 0 0 0 0 0 0 -0.940591 -0.296463 0.165523 -0.171373 -0.00633909 -0.985186 0.293121 -0.955023 -0.0448433 0 0 0 
18 48.4212 110.852 80.5715 1 0 0 1 0 0 0 0 0 0 0 0 0 -0.935351 -0.313029 0.164718 -0.083976 -0.255845 -0.963064 0.343609 -0.914634 0.213018 0 0 0 
19 47.488 110.532 80.7367 1 0 0 1 0 0 0 0 0 0 0 0 0 -0.929788 -0.327483 0.168073 -0.0372821 -0.370471 -0.928095 0.366202 -0.869198 0.332251 0 0 0 
20 46.5617 110.197 80.9076 1 0 0 1 0 0 0 0 0 0 0 0 0 -0.921975 -0.345482 0.174943 -0.103914 -0.214473 -0.971187 0.373048 -0.913588 0.161838 0 0 0 
21 45.6442 109.842 81.0865 1 0 0 1 0 0 0 0 0 0 0 0 0 -0.914923 -0.362307 0.177905 -0.268378 0.216849 -0.938589 0.301479 -0.906482 -0.295635 0 0 0 
22 44.7319 109.472 81.2634 1 0 0 1 0 0 0 0 0 0 0 0 0 -0.90948 -0.37819 0.172679 -0.24855 0.161658 -0.955034 0.33327 -0.911503 -0.241024 0 0 0 
23 43.8253 109.085 81.4319 1 0 0 1 0 0 0 0 0 0 0 0 0 -0.902452 -0.39681 0.167698 -0.126677 -0.127628 -0.983699 0.411745 -0.908984 0.0649112 0 0 0 
24 42.9271 108.679 81.5988 1 0 0 1 0 0 0 0 0 0 0 0 0 -0.894611 -0.413704 0.16888 -0.0227416 -0.335295 -0.941839 0.446267 -0.84642 0.29055 0 0 0 
25 42.0362 108.258 81.7696 1 0 0 1 0 0 0 0 0 0 0 0 0 -0.88595 -0.429749 0.174383 3.51391e-05 -0.376064 -0.926594 0.463782 -0.820909 0.333189 0 0 0 
26 41.1553 107.819 81.9475 1 0 0 1 0 0 0 0 0 0 0 0 0 -0.876646 -0.445829 0.180909 -0.182867 -0.039049 -0.982362 0.44503 -0.894266 -0.0472952 0 0 0 
27 40.283 107.366 82.1314 1 0 0 1 0 0 0 0 0 0 0 0 0 -0.868667 -0.46152 0.180048 -0.327516 0.262336 -0.907697 0.371687 -0.847454 -0.379038 0 0 0 
28 39.418 106.896 82.3076 1 0 0 1 0 0 0 0 0 0 0 0 0 -0.86144 -0.477555 0.172806 -0.259288 0.120991 -0.958191 0.436681 -0.870231 -0.228051 0 0 0 
29 38.5602 106.411 82.477 1 0 0 1 0 0 0 0 0 0 0 0 0 -0.853312 -0.493386 0.168608 -0.105001 -0.154141 -0.982454 0.510719 -0.856044 0.0797241 0 0 0 
30 37.7115 105.91 82.6448 1 0 0 1 0 0 0 0 0 0 0 0 0 -0.843495 -0.509496 0.170086 0.00102374 -0.318178 -0.948031 0.537136 -0.799485 0.268903 0 0 0 
31 36.8732 105.392 82.8172 1 0 0 1 0 0 0 0 0 0 0 0 0 -0.832689 -0.525234 0.175379 0.00945604 -0.330159 -0.943878 0.55366 -0.784299 0.279887 0 0 0 
32 36.0462 104.859 82.9955 1 0 0 1 0 0 0 0 0 0 0 0 0 -0.821491 -0.540758 0.180922 -0.265422 0.0818084 -0.960655 0.504681 -0.837191 -0.210734 0 0 0 
33 35.2303 104.311 83.179 1 0 0 1 0 0 0 0 0 0 0 0 0 -0.811642 -0.556746 0.176839 -0.400365 0.309734 -0.862422 0.425377 -0.770778 -0.474295 0 0 0 
34 34.423 103.746 83.3492 1 0 0 1 0 0 0 0 0 0 0 0 0 -0.802225 -0.573332 0.166511 -0.246421 0.0639439 -0.967051 0.543794 -0.816824 -0.192579 0 0 0 
35 33.626 103.164 83.512 1 0 0 1 0 0 0 0 0 0 0 0 0 -0.790814 -0.590093 0.162495 -0.0887741 -0.152097 -0.984371 0.605585 -0.792879 0.0678951 0 0 0 
36 32.8415 102.566 83.6742 1 0 0 1 0 0 0 0 0 0 0 0 0 -0.778163 -0.606311 0.16386 0.0188743 -0.283354 -0.95883 0.627779 -0.743033 0.231939 0 0 0 
37 32.0697 101.952 83.8397 1 0 0 1 0 0 0 0 0 0 0 0 0 -0.764933 -0.621639 0.16865 0.0158156 -0.279882 -0.959904 0.643916 -0.731595 0.223922 0 0 0 
38 31.3117 101.322 84.0115 1 0 0 1 0 0 0 0 0 0 0 0 0 -0.751422 -0.636669 0.173255 -0.247148 0.0281201 -0.96857 0.611787 -0.770624 -0.178482 0 0 0 
39 30.567 100.678 84.1862 1 0 0 1 0 0 0 0 0 0 0 0 0 -0.739291 -0.651646 0.169724 -0.350949 0.157748 -0.923012 0.574703 -0.741939 -0.345316 0 0 0 
40 29.8332 100.019 84.3509 1 0 0 1 0 0 0 0 0 0 0 0 0 -0.727637 -0.666369 0.162777 -0.16218 -0.0634504 -0.984719 0.666515 -0.742917 -0.0619032 0 0 0 
41 29.1118 99.3456 84.5117 1 0 0 1 0 0 0 0 0 0 0 0 0 -0.715258 -0.679918 0.161611 0.00738701 -0.238592 -0.971092 0.698822 -0.693387 0.175677 0 0 0 
42 28.4027 98.6593 84.6741 1 0 0 1 0 0 0 0 0 0 0 0 0 -0.702718 -0.692141 0.16471 0.120862 -0.344274 -0.931057 0.701128 -0.634363 0.325581 0 0 0 
43 27.7064 97.9614 84.8412 1 0 0 1 0 0 0 0 0 0 0 0 0 -0.689339 -0.704008 0.170835 0.134144 -0.355783 -0.924891 0.711911 -0.614647 0.339694 0 0 0 
44 27.0241 97.2514 85.0157 1 0 0 1 0 0 0 0 0 0 0 0 0 -0.675208 -0.715957 0.177481 -0.206093 -0.0479175 -0.977358 0.708252 -0.696498 -0.1152 0 0 0 
45 26.356 96.5295 85.1961 1 0 0 1 0 0 0 0 0 0 0 0 0 -0.662081 -0.728633 0.175334 -0.361537 0.105601 -0.926358 0.65646 -0.676714 -0.333344 0 0 0 
46 25.7 95.7942 85.3664 1 0 0 1 0 0 0 0 0 0 0 0 0 -0.648617 -0.742222 0.168531 -0.138654 -0.102494 -0.985023 0.748379 -0.66227 -0.0364324 0 0 0 
47 25.0589 95.0452 85.5331 1 0 0 1 0 0 0 0 0 0 0 0 0 -0.633049 -0.755719 0.167744 -0.0038625 -0.213606 -0.976912 0.774102 -0.619081 0.132304 0 0 0 
48 24.434 94.2829 85.7019 1 0 0 1 0 0 0 0 0 0 0 0 0 -0.616288 -0.768833 0.170545 0.0751572 -0.27299 -0.959076 0.783927 -0.578249 0.226024 0 0 0 
49 23.8264 93.5076 85.8742 1 0 0 1 0 0 0 0 0 0 0 0 0 -0.598431 -0.781693 0.175605 0.016591 -0.231228 -0.972758 0.801003 -0.579215 0.151343 0 0 0 
50 23.2372 92.7196 86.053 1 0 0 1 0 0 0 0 0 0 0 0 0 -0.580948 -0.79405 0.17884 -0.261011 -0.0263743 -0.964975 0.770956 -0.60728 -0.191934 0 0 0 
51 22.6645 91.9196 86.2319 1 0 0 1 0 0 0 0 0 0 0 0 0 -0.564422 -0.806785 0.174718 -0.290975 -0.00362463 -0.956724 0.772503 -0.590834 -0.232709 0 0 0 
52 22.1085 91.1061 86.4025 1 0 0 1 0 0 0 0 0 0 0 0 0 -0.547441 -0.819477 0.169602 -0.105726 -0.133316 -0.985418 0.830139 -0.55739 -0.0136576 0 0 0 
53 21.5697 90.2807 86.5711 1 0 0 1 0 0 0 0 0 0 0 0 0 -0.530432 -0.830652 0.169289 0.0676572 -0.240541 -0.968278 0.845023 -0.502152 0.18379 0 0 0 
54 21.0476 89.4449 86.741 1 0 0 1 0 0 0 0 0 0 0 0 0 -0.512971 -0.840787 0.173026 0.129575 -0.275101 -0.952644 0.84857 -0.466259 0.250064 0 0 0 
55 20.5438 88.5992 86.9171 1 0 0 1 0 0 0 0 0 0 0 0 0 -0.495234 -0.850291 0.178184 -0.105843 -0.14452 -0.983825 0.862288 -0.506083 -0.0184265 0 0 0 
56 20.0572 87.7444 87.0974 1 0 0 1 0 0 0 0 0 0 0 0 0 -0.477647 -0.860378 0.177773 -0.357028 0.00520571 -0.934079 0.802736 -0.50963 -0.309665 0 0 0 
57 19.5886 86.8786 87.2726 1 0 0 1 0 0 0 0 0 0 0 0 0 -0.460441 -0.871037 0.171137 -0.285902 -0.0370023 -0.957544 0.840389 -0.489821 -0.231994 0 0 0 
58 19.1364 86.0024 87.4396 1 0 0 1 0 0 0 0 0 0 0 0 0 -0.443528 -0.880667 0.16646 -0.0413986 -0.165398 -0.985358 0.895304 -0.443925 0.0369003 0 0 0 
59 18.7016 85.1173 87.6055 1 0 0 1 0 0 0 0 0 0 0 0 0 -0.42595 -0.889172 0.167149 0.0919252 -0.226323 -0.969705 0.900064 -0.397681 0.17814 0 0 0 
60 18.2845 84.2242 87.7739 1 0 0 1 0 0 0 0 0 0 0 0 0 -0.407961 -0.896908 0.170659 0.123413 -0.23938 -0.963051 0.90462 -0.371825 0.208347 0 0 0 
61 17.8857 83.3236 87.9468 1 0 0 1 0 0 0 0 0 0 0 0 0 -0.388487 -0.904668 0.175084 -0.107461 -0.144231 -0.983692 0.915167 -0.400966 -0.0411843 0 0 0 
62 17.5076 82.4149 88.1241 1 0 0 1 0 0 0 0 0 0 0 0 0 -0.369565 -0.91273 0.174199 -0.322868 -0.0496549 -0.94514 0.871308 -0.405534 -0.276341 0 0 0 
63 17.1466 81.4982 88.2952 1 0 0 1 0 0 0 0 0 0 0 0 0 -0.351615 -0.920856 0.168494 -0.17581 -0.111829 -0.978052 0.919488 -0.373521 -0.122575 0 0 0 
64 16.8044 80.5733 88.461 1 0 0 1 0 0 0 0 0 0 0 0 0 -0.330549 -0.929137 0.165654 0.00447583 -0.177061 -0.98419 0.943778 -0.324581 0.0626861 0 0 0 
65 16.4855 79.6401 88.6265 1 0 0 1 0 0 0 0 0 0 0 0 0 -0.309465 -0.93613 0.167008 0.158937 -0.224079 -0.961523 0.937534 -0.271014 0.218131 0 0 0 
66 16.1855 78.7012 88.795 1 0 0 1 0 0 0 0 0 0 0 0 0 -0.290629 -0.94137 0.171343 0.164149 -0.22547 -0.960322 0.94265 -0.250972 0.220053 0 0 0 
67 15.9043 77.7574 88.9692 1 0 0 1 0 0 0 0 0 0 0 0 0 -0.266568 -0.947446 0.176882 -0.0636408 -0.16582 -0.9841 0.961713 -0.273587 -0.0160941 0 0 0 
68 15.6525 76.8065 89.1487 1 0 0 1 0 0 0 0 0 0 0 0 0 -0.233024 -0.956372 0.176217 -0.197385 -0.130919 -0.971545 0.952229 -0.261175 -0.158266 0 0 0 
69 15.4384 75.8451 89.3215 1 0 0 1 0 0 0 0 0 0 0 0 0 -0.199867 -0.964853 0.170623 -0.100793 -0.152967 -0.983078 0.974625 -0.213682 -0.0666775 0 0 0 
70 15.2528 74.877 89.49 1 0 0 1 0 0 0 0 0 0 0 0 0 -0.173783 -0.970212 0.168783 0.0424569 -0.178613 -0.983003 0.983868 -0.163663 0.0722321 0 0 0 
71 15.0908 73.9048 89.6591 1 0 0 1 0 0 0 0 0 0 0 0 0 -0.151336 -0.973687 0.170384 0.159788 -0.194199 -0.967861 0.975482 -0.119247 0.184973 0 0 0 
72 14.9501 72.9297 89.8307 1 0 0 1 0 0 0 0 0 0 0 0 0 -0.129647 -0.976094 0.174447 0.177511 -0.195938 -0.964416 0.975542 -0.0940675 0.19867 0 0 0 
73 14.8315 71.9527 90.0079 1 0 0 1 0 0 0 0 0 0 0 0 0 -0.107825 -0.977952 0.178841 -0.164664 -0.159838 -0.973313 0.980438 -0.134396 -0.143799 0 0 0 
74 14.7345 70.974 90.1884 1 0 0 1 0 0 0 0 0 0 0 0 0 -0.0871272 -0.980568 0.17577 -0.35805 -0.133827 -0.924062 0.929629 -0.143445 -0.339432 0 0 0 
75 14.6573 69.9917 90.3595 1 0 0 1 0 0 0 0 0 0 0 0 0 -0.067947 -0.983317 0.168736 -0.140061 -0.15805 -0.977447 0.987809 -0.0900479 -0.126985 0 0 0 
76 14.5986 69.0074 90.5258 1 0 0 1 0 0 0 0 0 0 0 0 0 -0.0502693 -0.98477 0.166438 0.118924 -0.171365 -0.978004 0.99163 -0.0293702 0.125727 0 0 0 
77 14.5568 68.0223 90.6923 1 0 0 1 0 0 0 0 0 0 0 0 0 -0.0326532 -0.985136 0.168644 0.275487 -0.171069 -0.945961 0.96075 0.0155705 0.276978 0 0 0 
78 14.5333 67.0372 90.8631 1 0 0 1 0 0 0 0 0 0 0 0 0 -0.0148907 -0.98468 0.173734 0.198304 -0.17321 -0.964714 0.980027 0.0200869 0.197845 0 0 0 
79 14.527 66.053 91.0398 1 0 0 1 0 0 0 0 0 0 0 0 0 0.00219256 -0.98418 0.177156 -0.239382 -0.172522 -0.955475 0.970923 -0.040313 -0.235973 0 0 0 
80 14.5377 65.0689 91.2174 1 0 0 1 0 0 0 0 0 0 0 0 0 0.0186542 -0.984722 0.17313 -0.323696 -0.169782 -0.930803 0.945977 -0.0386781 -0.321918 0 0 0 
81 14.5643 64.0836 91.386 1 0 0 1 0 0 0 0 0 0 0 0 0 0.0346998 -0.985237 0.167644 1.04792e-05 -0.167744 -0.985831 0.999398 0.0342099 -0.00581037 0 0 0 
82 14.6071 63.0985 91.5527 1 0 0 1 0 0 0 0 0 0 0 0 0 0.0508412 -0.984556 0.167528 0.171545 -0.156643 -0.972643 0.983864 0.0781889 0.160932 0 0 0 
83 14.666 62.1146 91.7211 1 0 0 1 0 0 0 0 0 0 0 0 0 0.0674875 -0.983091 0.170228 0.237976 -0.149831 -0.959645 0.968924 0.105274 0.22384 0 0 0 
84 14.742 61.1324 91.8931 1 0 0 1 0 0 0 0 0 0 0 0 0 0.0855553 -0.980955 0.174375 0.0624535 -0.169392 -0.983568 0.994374 0.0950398 0.0467717 0 0 0 
85 14.8371 60.1528 92.0698 1 0 0 1 0 0 0 0 0 0 0 0 0 0.10525 -0.978879 0.175268 -0.24025 -0.196055 -0.950706 0.964988 0.0579534 -0.25581 0 0 0 
86 14.9525 59.1748 92.2436 1 0 0 1 0 0 0 0 0 0 0 0 0 0.125226 -0.977468 0.169929 -0.292063 -0.200007 -0.935252 0.948166 0.0674876 -0.310528 0 0 0 
87 15.0875 58.1979 92.4096 1 0 0 1 0 0 0 0 0 0 0 0 0 0.141343 -0.976177 0.16462 0.0281488 -0.162259 -0.986347 0.98956 0.144047 0.00454406 0 0 0 
88 15.2352 57.2225 92.5729 1 0 0 1 0 0 0 0 0 0 0 0 0 0.153323 -0.97436 0.164663 0.269905 -0.119005 -0.955505 0.950602 0.190945 0.244738 0 0 0 
89 15.3941 56.2492 92.739 1 0 0 1 0 0 0 0 0 0 0 0 0 0.167225 -0.97146 0.168228 0.23974 -0.125443 -0.962699 0.956326 0.201319 0.211921 0 0 0 
90 15.5696 55.2796 92.9093 1 0 0 1 0 0 0 0 0 0 0 0 0 0.185292 -0.967477 0.172208 0.0735783 -0.161092 -0.984193 0.979925 0.195034 0.0413363 0 0 0 
91 15.7647 54.3144 93.0834 1 0 0 1 0 0 0 0 0 0 0 0 0 0.205388 -0.963265 0.173021 -0.123918 -0.200964 -0.971729 0.970804 0.178141 -0.160641 0 0 0 
92 15.9804 53.3532 93.2553 1 0 0 1 0 0 0 0 0 0 0 0 0 0.225417 -0.959376 0.169663 -0.10085 -0.196187 -0.975367 0.969029 0.202753 -0.140977 0 0 0 
93 16.2155 52.3957 93.4227 1 0 0 1 0 0 0 0 0 0 0 0 0 0.240617 -0.956071 0.167427 0.151023 -0.133516 -0.979472 0.958799 0.260963 0.112263 0 0 0 
94 16.4616 51.4411 93.5902 1 0 0 1 0 0 0 0 0 0 0 0 0 0.254616 -0.952152 0.169051 0.225987 -0.111387 -0.967741 0.940266 0.284605 0.186813 0 0 0 
95 16.7247 50.4915 93.7607 1 0 0 1 0 0 0 0 0 0 0 0 0 0.272699 -0.946487 0.172621 0.249665 -0.103658 -0.962768 0.929141 0.305643 0.208038 0 0 0 
96 17.007 49.5482 93.9354 1 0 0 1 0 0 0 0 0 0 0 0 0 0.290859 -0.940314 0.176666 0.0286432 -0.176009 -0.983972 0.956337 0.291258 -0.0242603 0 0 0 
97 17.3064 48.611 94.1141 1 0 0 1 0 0 0 0 0 0 0 0 0 0.306574 -0.935388 0.176243 -0.215956 -0.248683 -0.944203 0.927025 0.251408 -0.278243 0 0 0 
98 17.6201 47.6775 94.2879 1 0 0 1 0 0 0 0 0 0 0 0 0 0.322791 -0.930833 0.171334 -0.0582038 -0.200204 -0.978024 0.944679 0.305725 -0.118802 0 0 0 
99 17.952 46.7494 94.4567 1 0 0 1 0 0 0 0 0 0 0 0 0 0.340809 -0.924813 0.169029 0.129057 -0.132069 -0.982803 0.931232 0.356762 0.0743434 0 0 0 
100 18.3017 45.8279 94.6259 1 0 0 1 0 0 0 0 0 0 0 0 0 0.357767 -0.91814 0.170359 0.202121 -0.101972 -0.974037 0.911674 0.382912 0.149093 0 0 0 
101 18.6675 44.9132 94.7974 1 0 0 1 0 0 0 0 0 0 0 0 0 0.374482 -0.910939 0.173074 0.197058 -0.104205 -0.974838 0.906053 0.399164 0.140485 0 0 0 
102 19.0506 44.0061 94.972 1 0 0 1 0 0 0 0 0 0 0 0 0 0.391546 -0.903228 0.175699 -0.0415458 -0.208103 -0.977224 0.91922 0.375328 -0.119007 0 0 0 
103 19.4505 43.1068 95.1488 1 0 0 1 0 0 0 0 0 0 0 0 0 0.408629 -0.896068 0.173448 -0.131516 -0.245864 -0.960341 0.903175 0.369612 -0.218314 0 0 0 
104 19.8678 42.2141 95.3189 1 0 0 1 0 0 0 0 0 0 0 0 0 0.425963 -0.888777 0.169208 0.050015 -0.163605 -0.985257 0.903357 0.428146 -0.0252376 0 0 0 
105 20.3024 41.3293 95.4872 1 0 0 1 0 0 0 0 0 0 0 0 0 0.442385 -0.880812 0.168719 0.185904 -0.0939774 -0.978063 0.877345 0.464047 0.122172 0 0 0 
106 20.7526 40.4525 95.6563 1 0 0 1 0 0 0 0 0 0 0 0 0 0.458832 -0.871915 0.17099 0.250729 -0.0575662 -0.966344 0.852413 0.486262 0.192201 0 0 0 
107 21.22 39.5856 95.8292 1 0 0 1 0 0 0 0 0 0 0 0 0 0.47577 -0.862026 0.174796 0.214697 -0.0789014 -0.973488 0.852964 0.500685 0.147536 0 0 0 
108 21.7041 38.7286 96.0059 1 0 0 1 0 0 0 0 0 0 0 0 0 0.492765 -0.851821 0.177717 -0.0269535 -0.219078 -0.975335 0.869745 0.475821 -0.130913 0 0 0 
109 22.2055 37.882 96.1846 1 0 0 1 0 0 0 0 0 0 0 0 0 0.509924 -0.842213 0.175084 -0.144315 -0.284407 -0.94778 0.848027 0.458029 -0.26657 0 0 0 
110 22.7239 37.0442 96.3561 1 0 0 1 0 0 0 0 0 0 0 0 0 0.526784 -0.832883 0.169717 0.0251212 -0.184325 -0.982544 0.849628 0.521852 -0.0761766 0 0 0 
111 23.259 36.2163 96.524 1 0 0 1 0 0 0 0 0 0 0 0 0 0.543035 -0.822688 0.16822 0.169519 -0.0888019 -0.981518 0.822421 0.561515 0.0912386 0 0 0 
112 23.8099 35.3989 96.6925 1 0 0 1 0 0 0 0 0 0 0 0 0 0.559095 -0.811492 0.169981 0.21238 -0.0580042 -0.975464 0.801441 0.581478 0.139914 0 0 0 
113 24.3772 34.5934 96.8639 1 0 0 1 0 0 0 0 0 0 0 0 0 0.575185 -0.799569 0.172775 0.144216 -0.108785 -0.983548 0.80521 0.590639 0.0527392 0 0 0 
114 24.9602 33.7999 97.038 1 0 0 1 0 0 0 0 0 0 0 0 0 0.591569 -0.787294 0.17382 -0.0223407 -0.231513 -0.972575 0.805945 0.571462 -0.154545 0 0 0 
115 25.5602 33.0189 97.2116 1 0 0 1 0 0 0 0 0 0 0 0 0 0.607706 -0.775607 0.170667 -0.0333204 -0.239614 -0.970296 0.793463 0.583968 -0.171459 0 0 0 
116 26.1756 32.2487 97.3794 1 0 0 1 0 0 0 0 0 0 0 0 0 0.622699 -0.764351 0.167373 0.120282 -0.117855 -0.985719 0.773161 0.633938 0.0185492 0 0 0 
117 26.8056 31.4903 97.5463 1 0 0 1 0 0 0 0 0 0 0 0 0 0.637544 -0.751941 0.1677 0.202609 -0.0463678 -0.978161 0.743295 0.657598 0.122788 0 0 0 
118 27.4506 30.7449 97.7147 1 0 0 1 0 0 0 0 0 0 0 0 0 0.652104 -0.738802 0.170093 0.228501 -0.0223921 -0.973286 0.722874 0.673551 0.154215 0 0 0 
119 28.1097 30.0128 97.8865 1 0 0 1 0 0 0 0 0 0 0 0 0 0.66625 -0.725359 0.173105 0.12362 -0.12149 -0.984865 0.735411 0.677565 0.0087261 0 0 0 
120 28.783 29.2943 98.0609 1 0 0 1 0 0 0 0 0 0 0 0 0 0.679873 -0.712574 0.173238 -0.0176946 -0.252106 -0.967538 0.733117 0.654737 -0.184009 0 0 0 
121 29.4694 28.5877 98.2329 1 0 0 1 0 0 0 0 0 0 0 0 0 0.693343 -0.700317 0.169798 0.0442501 -0.19381 -0.980041 0.719247 0.687018 -0.103388 0 0 0 
122 30.1696 27.8937 98.4005 1 0 0 1 0 0 0 0 0 0 0 0 0 0.707299 -0.686725 0.16774 0.161334 -0.0742113 -0.984106 0.688258 0.723119 0.0583022 0 0 0 
123 30.8839 27.2143 98.5684 1 0 0 1 0 0 0 0 0 0 0 0 0 0.720847 -0.672208 0.168866 0.206419 -0.0243705 -0.97816 0.661643 0.739961 0.121189 0 0 0 
124 31.6113 26.5494 98.7382 1 0 0 1 0 0 0 0 0 0 0 0 0 0.733818 -0.657411 0.171235 0.213092 -0.0165911 -0.976891 0.64506 0.753349 0.127914 0 0 0 
125 32.3515 25.8996 98.9108 1 0 0 1 0 0 0 0 0 0 0 0 0 0.747054 -0.641627 0.173854 0.125509 -0.120687 -0.984724 0.652808 0.757462 -0.00962964 0 0 0 
126 33.1053 25.2662 99.0859 1 0 0 1 0 0 0 0 0 0 0 0 0 0.760595 -0.625582 0.173613 0.0478435 -0.21268 -0.97595 0.647461 0.750609 -0.131833 0 0 0 
127 33.8726 24.6485 99.258 1 0 0 1 0 0 0 0 0 0 0 0 0 0.774277 -0.609376 0.170752 0.106871 -0.140035 -0.984362 0.623758 0.780417 -0.0433013 0 0 0 
128 34.6538 24.0475 99.4274 1 0 0 1 0 0 0 0 0 0 0 0 0 0.787624 -0.592305 0.169773 0.171986 -0.0532466 -0.983659 0.591666 0.803953 0.05993 0 0 0 
129 35.4478 23.4639 99.5976 1 0 0 1 0 0 0 0 0 0 0 0 0 0.799449 -0.575896 0.170952 0.195835 -0.019188 -0.980449 0.567917 0.817298 0.0974406 0 0 0 
130 36.2526 22.8958 99.7693 1 0 0 1 0 0 0 0 0 0 0 0 0 0.810661 -0.559415 0.172869 0.193566 -0.0225926 -0.980827 0.552595 0.828579 0.0899688 0 0 0 
131 37.069 22.3451 99.9433 1 0 0 1 0 0 0 0 0 0 0 0 0 0.821734 -0.542445 0.174664 0.122236 -0.131586 -0.98374 0.556608 0.829722 -0.041822 0 0 0 
132 37.896 21.8109 100.119 1 0 0 1 0 0 0 0 0 0 0 0 0 0.832923 -0.525397 0.173774 0.0764803 -0.201713 -0.976454 0.548078 0.826601 -0.127829 0 0 0 
133 38.7348 21.2944 100.291 1 0 0 1 0 0 0 0 0 0 0 0 0 0.844015 -0.508291 0.171109 0.123649 -0.126027 -0.984291 0.521871 0.851914 -0.0435191 0 0 0 
134 39.5839 20.7944 100.461 1 0 0 1 0 0 0 0 0 0 0 0 0 0.854453 -0.490862 0.170188 0.173416 -0.039319 -0.984063 0.489731 0.870349 0.0515272 0 0 0 
135 40.4436 20.3127 100.631 1 0 0 1 0 0 0 0 0 0 0 0 0 0.864297 -0.472947 0.171207 0.190817 -0.00662791 -0.981603 0.465381 0.881066 0.0845181 0 0 0 
136 41.3124 19.8485 100.803 1 0 0 1 0 0 0 0 0 0 0 0 0 0.873808 -0.454483 0.172931 0.186679 -0.0148529 -0.982309 0.449011 0.890632 0.0718638 0 0 0 
137 42.1911 19.4038 100.977 1 0 0 1 0 0 0 0 0 0 0 0 0 0.882977 -0.43582 0.174392 0.127053 -0.135757 -0.982562 0.451895 0.889736 -0.0644985 0 0 0 
138 43.0783 18.9769 101.152 1 0 0 1 0 0 0 0 0 0 0 0 0 0.892435 -0.416702 0.172973 0.101727 -0.187668 -0.97695 0.439559 0.88946 -0.125092 0 0 0 
139 43.9758 18.5705 101.323 1 0 0 1 0 0 0 0 0 0 0 0 0 0.901625 -0.397597 0.17026 0.156835 -0.0663167 -0.985396 0.403081 0.915161 0.00256429 0 0 0 
140 44.8815 18.1818 101.492 1 0 0 1 0 0 0 0 0 0 0 0 0 0.909872 -0.378337 0.170277 0.186451 0.00623538 -0.982445 0.370633 0.925647 0.0762146 0 0 0 
141 45.7955 17.8139 101.663 1 0 0 1 0 0 0 0 0 0 0 0 0 0.917743 -0.358049 0.171899 0.186345 0.00595445 -0.982466 0.350748 0.933684 0.0721855 0 0 0 
142 46.7168 17.4657 101.836 1 0 0 1 0 0 0 0 0 0 0 0 0 0.924825 -0.338592 0.17336 0.17171 -0.0350722 -0.984523 0.339432 0.940279 0.0257041 0 0 0 
143 47.645 17.1367 102.01 1 0 0 1 0 0 0 0 0 0 0 0 0 0.931936 -0.318218 0.173875 0.140558 -0.125007 -0.982149 0.334273 0.93974 -0.0717704 0 0 0 
144 48.5806 16.8293 102.184 1 0 0 1 0 0 0 0 0 0 0 0 0 0.939304 -0.296744 0.172196 0.139571 -0.12799 -0.981905 0.313414 0.946341 -0.0788049 0 0 0 
145 49.5235 16.5433 102.355 1 0 0 1 0 0 0 0 0 0 0 0 0 0.945868 -0.27619 0.17045 0.173255 -0.014401 -0.984772 0.274438 0.960995 0.0342299 0 0 0 
146 50.4722 16.277 102.525 1 0 0 1 0 0 0 0 0 0 0 0 0 0.951508 -0.255625 0.171141 0.184883 0.0305459 -0.982286 0.245869 0.966293 0.0763254 0 0 0 
147 51.4264 16.032 102.697 1 0 0 1 0 0 0 0 0 0 0 0 0 0.956944 -0.233188 0.172862 0.182466 0.0200921 -0.983007 0.225752 0.972224 0.061776 0 0 0 
148 52.386 15.8106 102.871 1 0 0 1 0 0 0 0 0 0 0 0 0 0.96284 -0.206118 0.17451 0.175357 -0.0142991 -0.984401 0.205398 0.978423 0.0223764 0 0 0 
149 53.3518 15.6199 103.046 1 0 0 1 0 0 0 0 0 0 0 0 0 0.968539 -0.17684 0.1751 0.163494 -0.0783123 -0.983431 0.187622 0.981119 -0.0469364 0 0 0 
150 54.3229 15.457 103.221 1 0 0 1 0 0 0 0 0 0 0 0 0 0.973238 -0.15037 0.173773 0.166662 -0.0587663 -0.984261 0.158215 0.986882 -0.0321327 0 0 0 
151 55.2982 15.3191 103.393 1 0 0 1 0 0 0 0 0 0 0 0 0 0.976853 -0.12592 0.172925 0.176721 0.0195353 -0.984067 0.120536 0.991848 0.0413358 0 0 0 
152 56.2764 15.2052 103.567 1 0 0 1 0 0 0 0 0 0 0 0 0 0.979419 -0.102544 0.17385 0.178525 0.038257 -0.983191 0.0941694 0.993993 0.0557764 0 0 0 
153 57.2569 15.1141 103.741 1 0 0 1 0 0 0 0 0 0 0 0 0 0.98129 -0.0801523 0.175061 0.177517 0.0245541 -0.983811 0.0745563 0.99648 0.0383231 0 0 0 
154 58.2389 15.0449 103.917 1 0 0 1 0 0 0 0 0 0 0 0 0 0.982709 -0.0578924 0.175873 0.173069 -0.0503601 -0.983621 0.0658012 0.997052 -0.03947 0 0 0 
155 59.2222 14.9983 104.093 1 0 0 1 0 0 0 0 0 0 0 0 0 0.98391 -0.0361358 0.17497 0.170956 -0.094109 -0.980774 0.0519074 0.994906 -0.0864172 0 0 0 
156 60.2066 14.9726 104.267 1 0 0 1 0 0 0 0 0 0 0 0 0 0.984741 -0.0165562 0.173237 0.172785 -0.025632 -0.984626 0.0207421 0.999534 -0.0223802 0 0 0 
157 61.1916 14.9652 104.439 1 0 0 1 0 0 0 0 0 0 0 0 0 0.984955 0.00135564 0.172808 0.17235 0.0654816 -0.982857 -0.0126481 0.997853 0.0642627 0 0 0 
158 62.1764 14.9753 104.612 1 0 0 1 0 0 0 0 0 0 0 0 0 0.984581 0.0188739 0.173909 0.17142 0.0940752 -0.980696 -0.0348702 0.995386 0.0893893 0 0 0 
159 63.1606 15.0029 104.787 1 0 0 1 0 0 0 0 0 0 0 0 0 0.983838 0.0359506 0.175417 0.173616 0.0482844 -0.983629 -0.043832 0.998186 0.0412624 0 0 0 
160 64.144 15.0472 104.963 1 0 0 1 0 0 0 0 0 0 0 0 0 0.983033 0.0515324 0.17604 0.180408 -0.0981999 -0.978678 -0.0331465 0.993832 -0.105831 0 0 0 
161 65.1267 15.106 105.139 1 0 0 1 0 0 0 0 0 0 0 0 0 0.98244 0.066126 0.174467 0.182465 -0.145258 -0.972423 -0.0389597 0.987182 -0.154773 0 0 0 
162 66.1089 15.1795 105.312 1 0 0 1 0 0 0 0 0 0 0 0 0 0.981795 0.0800117 0.172271 0.17234 0.00610121 -0.985019 -0.0798641 0.996775 -0.00779909 0 0 0 
163 67.0902 15.266 105.484 1 0 0 1 0 0 0 0 0 0 0 0 0 0.980551 0.0942646 0.172142 0.165411 0.0751455 -0.983358 -0.105632 0.992707 0.0580917 0 0 0 
164 68.0699 15.368 105.656 1 0 0 1 0 0 0 0 0 0 0 0 0 0.978697 0.110454 0.173067 0.167993 0.0537761 -0.98432 -0.118029 0.992425 0.034075 0 0 0 
165 69.0475 15.4869 105.83 1 0 0 1 0 0 0 0 0 0 0 0 0 0.976505 0.127633 0.173632 0.171522 0.0274258 -0.984798 -0.130455 0.991442 0.00488959 0 0 0 
166 70.0228 15.6233 106.003 1 0 0 1 0 0 0 0 0 0 0 0 0 0.974012 0.145365 0.173692 0.185163 -0.0694087 -0.980254 -0.130439 0.98694 -0.0945212 0 0 0 
167 70.9955 15.7776 106.177 1 0 0 1 0 0 0 0 0 0 0 0 0 0.971469 0.163361 0.171937 0.181723 -0.0468694 -0.982232 -0.152399 0.985452 -0.0752186 0 0 0 
168 71.9657 15.95 106.347 1 0 0 1 0 0 0 0 0 0 0 0 0 0.968542 0.181222 0.170543 0.163744 0.0519502 -0.985134 -0.187387 0.982069 0.020642 0 0 0 
169 72.9325 16.1401 106.518 1 0 0 1 0 0 0 0 0 0 0 0 0 0.965491 0.196571 0.170845 0.162532 0.0577979 -0.985009 -0.203498 0.978785 0.0238544 0 0 0 
170 73.8966 16.3431 106.689 1 0 0 1 0 0 0 0 0 0 0 0 0 0.962352 0.211127 0.171182 0.15887 0.0740899 -0.984516 -0.220541 0.974647 0.0377589 0 0 0 
171 74.8571 16.5623 106.86 1 0 0 1 0 0 0 0 0 0 0 0 0 0.958369 0.228054 0.171813 0.163169 0.0563788 -0.984986 -0.234317 0.972015 0.0168204 0 0 0 
172 75.8133 16.7992 107.033 1 0 0 1 0 0 0 0 0 0 0 0 0 0.95386 0.246038 0.172095 0.176436 0.00446442 -0.984302 -0.242944 0.96925 -0.0391516 0 0 0 
173 76.7647 17.0543 107.205 1 0 0 1 0 0 0 0 0 0 0 0 0 0.949176 0.264022 0.171337 0.177147 0.00183186 -0.984183 -0.26016 0.964515 -0.0450319 0 0 0 
174 77.7116 17.3272 107.375 1 0 0 1 0 0 0 0 0 0 0 0 0 0.944615 0.280387 0.170547 0.157807 0.0675763 -0.985155 -0.28775 0.957505 0.0195864 0 0 0 
175 78.6539 17.6151 107.546 1 0 0 1 0 0 0 0 0 0 0 0 0 0.939732 0.296166 0.170847 0.147052 0.101013 -0.983957 -0.308673 0.94978 0.0513734 0 0 0 
176 79.591 17.9195 107.717 1 0 0 1 0 0 0 0 0 0 0 0 0 0.93397 0.313372 0.171752 0.151906 0.0868813 -0.984569 -0.323458 0.945648 0.0335415 0 0 0 
177 80.5218 18.2418 107.889 1 0 0 1 0 0 0 0 0 0 0 0 0 0.928024 0.330266 0.172325 0.178861 0.0107451 -0.983816 -0.326773 0.943827 -0.0491003 0 0 0 
178 81.4469 18.58 108.062 1 0 0 1 0 0 0 0 0 0 0 0 0 0.92212 0.34685 0.171433 0.18699 -0.0116167 -0.982293 -0.338717 0.937849 -0.0755693 0 0 0 
179 82.3659 18.9355 108.232 1 0 0 1 0 0 0 0 0 0 0 0 0 0.91548 0.364706 0.169958 0.159319 0.0593097 -0.985444 -0.369477 0.929232 -0.00380778 0 0 0 
180 83.2778 19.3094 108.401 1 0 0 1 0 0 0 0 0 0 0 0 0 0.908322 0.382232 0.169855 0.131826 0.123787 -0.983514 -0.396956 0.915738 0.0620501 0 0 0 
181 84.1825 19.6999 108.572 1 0 0 1 0 0 0 0 0 0 0 0 0 0.9006 0.399596 0.171006 0.123866 0.141167 -0.982206 -0.416626 0.905757 0.0776384 0 0 0 
182 85.0789 20.1086 108.743 1 0 0 1 0 0 0 0 0 0 0 0 0 0.891908 0.418001 0.172555 0.131569 0.12521 -0.983368 -0.432655 0.899776 0.05668 0 0 0 
183 85.9662 20.5359 108.917 1 0 0 1 0 0 0 0 0 0 0 0 0 0.883045 0.435976 0.173658 0.173221 0.041108 -0.984025 -0.43615 0.899019 -0.0392199 0 0 0 
184 86.8449 20.9805 109.091 1 0 0 1 0 0 0 0 0 0 0 0 0 0.874007 0.454139 0.172826 0.172169 0.0431688 -0.984121 -0.454388 0.889884 -0.0404588 0 0 0 
185 87.7141 21.4441 109.263 1 0 0 1 0 0 0 0 0 0 0 0 0 0.865041 0.471292 0.17201 0.129656 0.121201 -0.984124 -0.484657 0.87361 0.0437378 0 0 0 
186 88.5749 21.923 109.435 1 0 0 1 0 0 0 0 0 0 0 0 0 0.85563 0.487886 0.172813 0.125472 0.128407 -0.983752 -0.50215 0.863411 0.0486532 0 0 0 
187 89.4253 22.4198 109.608 1 0 0 1 0 0 0 0 0 0 0 0 0 0.845673 0.504634 0.17373 0.131481 0.118495 -0.984211 -0.517253 0.855163 0.0338577 0 0 0 
188 90.2662 22.9322 109.782 1 0 0 1 0 0 0 0 0 0 0 0 0 0.835271 0.521459 0.174366 0.140628 0.10397 -0.984588 -0.531551 0.846918 0.013511 0 0 0 
189 91.0957 23.4627 109.957 1 0 0 1 0 0 0 0 0 0 0 0 0 0.824272 0.538599 0.174605 0.176941 0.0478989 -0.983055 -0.537835 0.8412 -0.0558186 0 0 0 
190 91.9147 24.0094 110.131 1 0 0 1 0 0 0 0 0 0 0 0 0 0.813206 0.555531 0.173438 0.177048 0.0477395 -0.983044 -0.554391 0.830124 -0.0595334 0 0 0 
191 92.7221 24.5737 110.304 1 0 0 1 0 0 0 0 0 0 0 0 0 0.802457 0.571302 0.172268 0.141094 0.0988457 -0.985049 -0.579789 0.814766 -0.00128763 0 0 0 
192 93.5195 25.1519 110.476 1 0 0 1 0 0 0 0 0 0 0 0 0 0.791615 0.586249 0.172215 0.138331 0.10258 -0.985059 -0.595156 0.80361 0.000107285 0 0 0 
193 94.3052 25.7461 110.648 1 0 0 1 0 0 0 0 0 0 0 0 0 0.779681 0.602039 0.172183 0.133201 0.109221 -0.985052 -0.611846 0.790961 0.00496503 0 0 0 
194 95.0788 26.356 110.82 1 0 0 1 0 0 0 0 0 0 0 0 0 0.76729 0.617735 0.172248 0.138811 0.102245 -0.985027 -0.626097 0.779711 -0.0072974 0 0 0 
195 95.8397 26.9815 110.993 1 0 0 1 0 0 0 0 0 0 0 0 0 0.754454 0.633398 0.172065 0.170684 0.0638004 -0.983258 -0.633772 0.771191 -0.0599765 0 0 0 
196 96.5877 27.6227 111.164 1 0 0 1 0 0 0 0 0 0 0 0 0 0.74203 0.648225 0.17087 0.162352 0.0735311 -0.983989 -0.65041 0.75789 -0.0506781 0 0 0 
197 97.3237 28.2779 111.334 1 0 0 1 0 0 0 0 0 0 0 0 0 0.729398 0.662665 0.169865 0.120962 0.119461 -0.985443 -0.67331 0.739327 0.0069774 0 0 0 
198 98.0464 28.948 111.504 1 0 0 1 0 0 0 0 0 0 0 0 0 0.715344 0.677785 0.169973 0.117115 0.123513 -0.985408 -0.688888 0.724812 0.00897548 0 0 0 
199 98.7543 29.6334 111.674 1 0 0 1 0 0 0 0 0 0 0 0 0 0.701523 0.692044 0.170118 0.128742 0.111716 -0.985365 -0.700921 0.713158 -0.0107242 0 0 0 
200 99.4494 30.332 111.844 1 0 0 1 0 0 0 0 0 0 0 0 0 0.687967 0.705579 0.169881 0.14173 0.0989516 -0.984947 -0.711768 0.701689 -0.0319263 0 0 0 
201 100.13 31.0445 112.014 1 0 0 1 0 0 0 0 0 0 0 0 0 0.672942 0.720089 0.169177 0.137679 0.102781 -0.98513 -0.72677 0.686227 -0.0299754 0 0 0 
202 100.795 31.7721 112.183 1 0 0 1 0 0 0 0 0 0 0 0 0 0.657953 0.733959 0.168529 0.135254 0.104978 -0.985234 -0.740814 0.671031 -0.0302003 0 0 0 
203 101.446 32.5124 112.351 1 0 0 1 0 0 0 0 0 0 0 0 0 0.643755 0.746579 0.167925 0.132767 0.107146 -0.985339 -0.753626 0.656612 -0.0301449 0 0 0 
204 102.083 33.2652 112.518 1 0 0 1 0 0 0 0 0 0 0 0 0 0.62866 0.759474 0.167293 0.121574 0.116496 -0.985722 -0.768119 0.640022 -0.0190963 0 0 0 
205 102.703 34.0312 112.686 1 0 0 1 0 0 0 0 0 0 0 0 0 0.613439 0.771908 0.166885 0.124659 0.114023 -0.985626 -0.779841 0.625425 -0.026279 0 0 0 
206 103.309 34.8089 112.852 1 0 0 1 0 0 0 0 0 0 0 0 0 0.598484 0.783673 0.166355 0.141164 0.101242 -0.984796 -0.7886 0.612868 -0.0500349 0 0 0 
207 103.9 35.5985 113.018 1 0 0 1 0 0 0 0 0 0 0 0 0 0.58287 0.795566 0.165339 0.174839 0.0759201 -0.981666 -0.793533 0.601091 -0.0948442 0 0 0 
208 104.475 36.4 113.183 1 0 0 1 0 0 0 0 0 0 0 0 0 0.568058 0.806573 0.163552 0.167445 0.0813016 -0.982523 -0.805774 0.585517 -0.0888723 0 0 0 
209 105.036 37.2116 113.345 1 0 0 1 0 0 0 0 0 0 0 0 0 0.553112 0.817227 0.161887 0.158716 0.0873925 -0.983449 -0.817848 0.569652 -0.0813691 0 0 0 
210 105.581 38.0343 113.507 1 0 0 1 0 0 0 0 0 0 0 0 0 0.53835 0.827315 0.160401 0.163158 0.0844118 -0.982982 -0.826776 0.555359 -0.0895397 0 0 0 
211 106.113 38.8662 113.666 1 0 0 1 0 0 0 0 0 0 0 0 0 0.523958 0.836804 0.158827 0.176387 0.0758275 -0.981396 -0.83328 0.542226 -0.107871 0 0 0 
212 106.629 39.7079 113.824 1 0 0 1 0 0 0 0 0 0 0 0 0 0.509684 0.845922 0.156966 0.225796 0.0445288 -0.973156 -0.830204 0.531444 -0.16831 0 0 0 
213 107.132 40.558 113.98 1 0 0 1 0 0 0 0 0 0 0 0 0 0.495753 0.854676 0.154134 0.472734 -0.11669 -0.873445 -0.728527 0.505877 -0.461884 0 0 0 
214 107.621 41.4172 114.133 1 0 0 1 0 0 0 0 0 0 0 0 0 0.482596 0.86362 0.145818 0.636614 -0.23154 -0.735603 -0.601518 0.447829 -0.661532 0 0 0 
215 108.097 42.2851 114.272 1 0 0 1 0 0 0 0 0 0 0 0 0 0.470197 0.872595 0.132263 0.638934 -0.233174 -0.733071 -0.608833 0.429195 -0.667168 0 0 0 
216 108.561 43.1623 114.397 1 0 0 1 0 0 0 0 0 0 0 0 0 0.458208 0.880816 0.119198 0.623477 -0.222925 -0.749387 -0.6335 0.417693 -0.651315 0 0 0 
217 109.014 44.0467 114.51 1 0 0 1 0 0 0 0 0 0 0 0 0 0.446407 0.888395 0.107126 0.627531 -0.225463 -0.745232 -0.637907 0.399902 -0.658143 0 0 0 
218 109.454 44.939 114.611 1 0 0 1 0 0 0 0 0 0 0 0 0 0.435297 0.895184 0.0957166 0.658979 -0.244378 -0.711355 -0.613403 0.372726 -0.696284 0 0 0 
219 109.884 45.837 114.702 1 0 0 1 0 0 0 0 0 0 0 0 0 0.425475 0.901006 0.0846178 0.646855 -0.237397 -0.724722 -0.63289 0.363086 -0.683826 0 0 0 
220 110.305 46.7409 114.781 1 0 0 1 0 0 0 0 0 0 0 0 0 0.415619 0.906522 0.0740138 0.656867 -0.242878 -0.713818 -0.629116 0.345294 -0.696409 0 0 0 
221 110.716 47.65 114.85 1 0 0 1 0 0 0 0 0 0 0 0 0 0.406372 0.911476 0.0638189 0.671474 -0.25054 -0.69739 -0.619665 0.326253 -0.713845 0 0 0 
222 111.117 48.5638 114.908 1 0 0 1 0 0 0 0 0 0 0 0 0 0.397275 0.916146 0.053382 0.669661 -0.249634 -0.699455 -0.627477 0.313623 -0.71268 0 0 0 
223 111.51 49.4822 114.956 1 0 0 1 0 0 0 0 0 0 0 0 0 0.388621 0.920366 0.0435909 0.662735 -0.246344 -0.707176 -0.640122 0.303713 -0.705693 0 0 0 
224 111.895 50.4045 114.995 1 0 0 1 0 0 0 0 0 0 0 0 0 0.380618 0.924077 0.0347982 0.609249 -0.22228 -0.761188 -0.695662 0.310923 -0.647597 0 0 0 
225 112.271 51.3303 115.026 1 0 0 1 0 0 0 0 0 0 0 0 0 0.371823 0.927922 0.0266357 0.555665 -0.19949 -0.807119 -0.743629 0.314906 -0.589788 0 0 0 
226 112.638 52.2603 115.049 1 0 0 1 0 0 0 0 0 0 0 0 0 0.361898 0.932028 0.0187878 0.587005 -0.21218 -0.781284 -0.724192 0.293774 -0.623893 0 0 0 
227 112.995 53.1944 115.063 1 0 0 1 0 0 0 0 0 0 0 0 0 0.352629 0.9357 0.0108269 0.12483 -0.0355707 -0.99154 -0.9274 0.350998 -0.129347 0 0 0 
228 113.343 54.1317 115.07 1 0 0 1 0 0 0 0 0 0 0 0 0 0.30428 0.952574 0.00413455 0.0632562 -0.0158747 -0.997871 -0.95048 0.303893 -0.0650865 0 0 0 
229 113.603 55.0974 115.072 1 0 0 1 0 0 0 0 0 0 0 0 0 0.219152 0.975689 -0.0016295 0.0693179 -0.0172355 -0.997446 -0.973225 0.21848 -0.0714099 0 0 0 
230 113.781 56.0814 115.067 1 0 0 1 0 0 0 0 0 0 0 0 0 0.145322 0.98936 -0.00699656 0.0693179 -0.0172355 -0.997446 -0.986953 0.144466 -0.071085 0 0 0 
231 113.893 57.075 115.058 1 0 0 1 0 0 0 0 0 0 0 0 0 0.145322 0.98936 -0.00699656 0.0693179 -0.0172355 -0.997446 -0.986953 0.144466 -0.071085 0 0 0 
