ObjectType = Scene
NDims = 3
NObjects = 2
ObjectType = Group
NDims = 3
BinaryData = False
TransformMatrix = 1 0 0 0 1 0 0 0 1
Offset = 0 0 0
CenterOfRotation = 0 0 0
ElementSpacing = 1 1 1
EndGroup = 
ObjectType = Tube
NDims = 3
ID = 0
Color = 1 0 0 1
BinaryData = False
TransformMatrix = 1 0 0 0 1 0 0 0 1
Offset = 0 0 0
CenterOfRotation = 0 0 0
ElementSpacing = 1 1 1
Root = False
Artery = True
PointDim = id x y z red green blue alpha mark r rn mn bn cv lv ro in tx ty tz v1x v1y v1z v2x v2y v2z a1 a2 a3
NPoints = 189
Points = 
0 65.3718 113.141 77 1 0 0 1 0 0 0 0 0 0 0 0 0 -0.894427 0 0.447214 0 1 0 -0.447214 0 -0.894427 0 0 0 
1 64.3718 113.141 78 1 0 0 1 0 0 0 0 0 0 0 0 0 -0.894427 0 0.447214 0 1 0 -0.447214 0 -0.894427 0 0 0 
2 63.3718 113.141 78 1 0 0 1 0 0 0 0 0 0 0 0 0 -0.894427 0 0.447214 0 1 0 -0.447214 0 -0.894427 0 0 0 
3 62.3718 113.141 79 1 0 0 1 0 0 0 0 0 0 0 0 0 -0.894427 0 0.447214 -0 1 -0 -0.447214 -0 -0.894427 0 0 0 
4 61.3718 113.141 79 1 0 0 1 0 0 0 0 0 0 0 0 0 -1 0 0 -0 1 -0 -0 -0 -1 0 0 0 
5 60.3718 113.141 79 1 0 0 1 0 0 0 0 0 0 0 0 0 -1 0 0 -0 1 -0 -0 -0 -1 0 0 0 
6 59.3718 113.141 79 1 0 0 1 0 0 0 0 0 0 0 0 0 -1 0 0 0 0.707107 0.707107 0 0.707107 -0.707107 0 0 0 
7 58.3718 113.141 79 1 0 0 1 0 0 0 0 0 0 0 0 0 -0.816497 -0.408248 0.408248 0 0.707107 0.707107 -0.57735 0.57735 -0.57735 0 0 0 
8 57.3718 112.141 80 1 0 0 1 0 0 0 0 0 0 0 0 0 -0.816497 -0.408248 0.408248 0 0.707107 0.707107 -0.57735 0.57735 -0.57735 0 0 0 
9 56.3718 112.141 80 1 0 0 1 0 0 0 0 0 0 0 0 0 -1 0 0 0 0.707107 0.707107 0 0.707107 -0.707107 0 0 0 
10 55.3718 112.141 80 1 0 0 1 0 0 0 0 0 0 0 0 0 -1 0 0 0 0 1 0 1 -0 0 0 0 
11 54.3718 112.141 80 1 0 0 1 0 0 0 0 0 0 0 0 0 -0.894427 -0.447214 0 0 0 1 -0.447214 0.894427 0 0 0 0 
12 53.3718 111.141 80 1 0 0 1 0 0 0 0 0 0 0 0 0 -0.894427 -0.447214 0 0.333333 -0.666667 0.666667 -0.298142 0.596285 0.745356 0 0 0 
13 52.3718 111.141 80 1 0 0 1 0 0 0 0 0 0 0 0 0 -0.894427 0 0.447214 0.447214 0 0.894427 0 1 -0 0 0 0 
14 51.3718 111.141 81 1 0 0 1 0 0 0 0 0 0 0 0 0 -0.816497 -0.408248 0.408248 0.447214 -0.894427 0 0.365148 0.182574 0.912871 0 0 0 
15 50.3718 110.141 81 1 0 0 1 0 0 0 0 0 0 0 0 0 -0.894427 -0.447214 0 -0 0 -1 0.447214 -0.894427 -0 0 0 0 
16 49.3718 110.141 81 1 0 0 1 0 0 0 0 0 0 0 0 0 -1 0 0 -0 -0 -1 -0 -1 0 0 0 0 
17 48.3718 110.141 81 1 0 0 1 0 0 0 0 0 0 0 0 0 -0.894427 -0.447214 0 -0.447214 0.894427 0 -0 0 -1 0 0 0 
18 47.3718 109.141 81 1 0 0 1 0 0 0 0 0 0 0 0 0 -0.816497 -0.408248 0.408248 -0.447214 0.894427 0 -0.365148 -0.182574 -0.912871 0 0 0 
19 46.3718 109.141 82 1 0 0 1 0 0 0 0 0 0 0 0 0 -0.816497 -0.408248 0.408248 -0.447214 0.894427 -0 -0.365148 -0.182574 -0.912871 0 0 0 
20 45.3718 108.141 82 1 0 0 1 0 0 0 0 0 0 0 0 0 -0.894427 -0.447214 0 -0.447214 0.894427 -0 0 -0 -1 0 0 0 
21 44.3718 108.141 82 1 0 0 1 0 0 0 0 0 0 0 0 0 -0.894427 -0.447214 0 0 0 1 -0.447214 0.894427 0 0 0 0 
22 43.3718 107.141 82 1 0 0 1 0 0 0 0 0 0 0 0 0 -0.707107 -0.707107 0 0.57735 -0.57735 0.57735 -0.408248 0.408248 0.816497 0 0 0 
23 42.3718 106.141 82 1 0 0 1 0 0 0 0 0 0 0 0 0 -0.816497 -0.408248 0.408248 0.57735 -0.57735 0.57735 0 0.707107 0.707107 0 0 0 
24 41.3718 106.141 83 1 0 0 1 0 0 0 0 0 0 0 0 0 -0.816497 -0.408248 0.408248 0.57735 -0.57735 0.57735 0 0.707107 0.707107 0 0 0 
25 40.3718 105.141 83 1 0 0 1 0 0 0 0 0 0 0 0 0 -0.707107 -0.707107 0 -0 -0 1 -0.707107 0.707107 -0 0 0 0 
26 39.3718 104.141 83 1 0 0 1 0 0 0 0 0 0 0 0 0 -0.894427 -0.447214 0 -0 -0 1 -0.447214 0.894427 0 0 0 0 
27 38.3718 104.141 83 1 0 0 1 0 0 0 0 0 0 0 0 0 -0.894427 -0.447214 0 -0.333333 0.666667 0.666667 -0.298142 0.596285 -0.745356 0 0 0 
28 37.3718 103.141 83 1 0 0 1 0 0 0 0 0 0 0 0 0 -0.666667 -0.666667 0.333333 -0.333333 0.666667 0.666667 -0.666667 0.333333 -0.666667 0 0 0 
29 36.3718 102.141 84 1 0 0 1 0 0 0 0 0 0 0 0 0 -0.666667 -0.666667 0.333333 -0.707107 0.707107 -0 -0.235702 -0.235702 -0.942809 0 0 0 
30 35.3718 101.141 84 1 0 0 1 0 0 0 0 0 0 0 0 0 -0.707107 -0.707107 0 -0.707107 0.707107 -0 0 -0 -1 0 0 0 
31 34.3718 100.141 84 1 0 0 1 0 0 0 0 0 0 0 0 0 -0.707107 -0.707107 0 -0.707107 0.707107 0 -0 0 -1 0 0 0 
32 33.3718 99.141 84 1 0 0 1 0 0 0 0 0 0 0 0 0 -0.666667 -0.666667 0.333333 -0.707107 0.707107 0 -0.235702 -0.235702 -0.942809 0 0 0 
33 32.3718 98.141 85 1 0 0 1 0 0 0 0 0 0 0 0 0 -0.666667 -0.666667 0.333333 -0.707107 0.707107 -0 -0.235702 -0.235702 -0.942809 0 0 0 
34 31.3718 97.141 85 1 0 0 1 0 0 0 0 0 0 0 0 0 -0.707107 -0.707107 0 -0.707107 0.707107 -0 0 -0 -1 0 0 0 
35 30.3718 96.141 85 1 0 0 1 0 0 0 0 0 0 0 0 0 -0.707107 -0.707107 0 -0.707107 0.707107 0 -0 0 -1 0 0 0 
36 29.3718 95.141 85 1 0 0 1 0 0 0 0 0 0 0 0 0 -0.666667 -0.666667 0.333333 -0.707107 0.707107 0 -0.235702 -0.235702 -0.942809 0 0 0 
37 28.3718 94.141 86 1 0 0 1 0 0 0 0 0 0 0 0 0 -0.666667 -0.666667 0.333333 -0.707107 0.707107 -0 -0.235702 -0.235702 -0.942809 0 0 0 
38 27.3718 93.141 86 1 0 0 1 0 0 0 0 0 0 0 0 0 -0.707107 -0.707107 0 -0.707107 0.707107 0 -0 0 -1 0 0 0 
39 26.3718 92.141 86 1 0 0 1 0 0 0 0 0 0 0 0 0 -0.666667 -0.666667 0.333333 -0.707107 0.707107 0 -0.235702 -0.235702 -0.942809 0 0 0 
40 25.3718 91.141 87 1 0 0 1 0 0 0 0 0 0 0 0 0 -0.666667 -0.666667 0.333333 -0.707107 0.707107 -0 -0.235702 -0.235702 -0.942809 0 0 0 
41 24.3718 90.141 87 1 0 0 1 0 0 0 0 0 0 0 0 0 -0.707107 -0.707107 0 -0.707107 0.707107 -0 0 -0 -1 0 0 0 
42 23.3718 89.141 87 1 0 0 1 0 0 0 0 0 0 0 0 0 -0.707107 -0.707107 0 -0.707107 0.707107 0 -0 0 -1 0 0 0 
43 22.3718 88.141 87 1 0 0 1 0 0 0 0 0 0 0 0 0 -0.666667 -0.666667 0.333333 -0.707107 0.707107 0 -0.235702 -0.235702 -0.942809 0 0 0 
44 21.3718 87.141 88 1 0 0 1 0 0 0 0 0 0 0 0 0 -0.666667 -0.666667 0.333333 -0.707107 0.707107 -0 -0.235702 -0.235702 -0.942809 0 0 0 
45 20.3718 86.141 88 1 0 0 1 0 0 0 0 0 0 0 0 0 -0.707107 -0.707107 0 -0.707107 0.707107 -0 0 -0 -1 0 0 0 
46 19.3718 85.141 88 1 0 0 1 0 0 0 0 0 0 0 0 0 -0.707107 -0.707107 0 -0.707107 0.707107 0 -0 0 -1 0 0 0 
47 18.3718 84.141 88 1 0 0 1 0 0 0 0 0 0 0 0 0 -0.666667 -0.666667 0.333333 -0.707107 0.707107 0 -0.235702 -0.235702 -0.942809 0 0 0 
48 17.3718 83.141 89 1 0 0 1 0 0 0 0 0 0 0 0 0 -0.666667 -0.666667 0.333333 -0.707107 0.707107 -0 -0.235702 -0.235702 -0.942809 0 0 0 
49 16.3718 82.141 89 1 0 0 1 0 0 0 0 0 0 0 0 0 -0.707107 -0.707107 0 0 0 1 -0.707107 0.707107 0 0 0 0 
50 15.3718 81.141 89 1 0 0 1 0 0 0 0 0 0 0 0 0 -0.447214 -0.894427 0 0 0 1 -0.894427 0.447214 0 0 0 0 
51 15.3718 80.141 89 1 0 0 1 0 0 0 0 0 0 0 0 0 0 -1 0 -1 0 0 -0 -0 -1 0 0 0 
52 15.3718 79.141 89 1 0 0 1 0 0 0 0 0 0 0 0 0 0 -0.894427 0.447214 -1 0 0 -0 -0.447214 -0.894427 0 0 0 
53 15.3718 78.141 90 1 0 0 1 0 0 0 0 0 0 0 0 0 0 -0.894427 0.447214 -1 -0 -0 0 -0.447214 -0.894427 0 0 0 
54 15.3718 77.141 90 1 0 0 1 0 0 0 0 0 0 0 0 0 0 -1 0 0 -0 -1 1 0 0 0 0 0 
55 15.3718 76.141 90 1 0 0 1 0 0 0 0 0 0 0 0 0 -0.447214 -0.894427 0 0 -0 -1 0.894427 -0.447214 0 0 0 0 
56 14.3718 75.141 90 1 0 0 1 0 0 0 0 0 0 0 0 0 -0.447214 -0.894427 0 -0 -0 -1 0.894427 -0.447214 -0 0 0 0 
57 14.3718 74.141 90 1 0 0 1 0 0 0 0 0 0 0 0 0 0 -1 0 -1 0 0 -0 -0 -1 0 0 0 
58 14.3718 73.141 90 1 0 0 1 0 0 0 0 0 0 0 0 0 0 -0.894427 0.447214 -1 0 0 -0 -0.447214 -0.894427 0 0 0 
59 14.3718 72.141 91 1 0 0 1 0 0 0 0 0 0 0 0 0 0 -0.894427 0.447214 -1 -0 -0 0 -0.447214 -0.894427 0 0 0 
60 14.3718 71.141 91 1 0 0 1 0 0 0 0 0 0 0 0 0 0 -1 0 -1 -0 -0 0 0 -1 0 0 0 
61 14.3718 70.141 91 1 0 0 1 0 0 0 0 0 0 0 0 0 0 -1 0 -1 -0 -0 0 0 -1 0 0 0 
62 14.3718 69.141 91 1 0 0 1 0 0 0 0 0 0 0 0 0 0 -1 0 -1 0 0 -0 -0 -1 0 0 0 
63 14.3718 68.141 91 1 0 0 1 0 0 0 0 0 0 0 0 0 0 -0.894427 0.447214 -1 0 0 -0 -0.447214 -0.894427 0 0 0 
64 14.3718 67.141 92 1 0 0 1 0 0 0 0 0 0 0 0 0 0 -0.894427 0.447214 -1 -0 -0 0 -0.447214 -0.894427 0 0 0 
65 14.3718 66.141 92 1 0 0 1 0 0 0 0 0 0 0 0 0 0 -1 0 -1 -0 -0 0 0 -1 0 0 0 
66 14.3718 65.141 92 1 0 0 1 0 0 0 0 0 0 0 0 0 0 -1 0 -1 -0 -0 0 0 -1 0 0 0 
67 14.3718 64.141 92 1 0 0 1 0 0 0 0 0 0 0 0 0 0 -1 0 0 0 1 -1 0 0 0 0 0 
68 14.3718 63.141 92 1 0 0 1 0 0 0 0 0 0 0 0 0 0.447214 -0.894427 0 -0.894427 -0.447214 0 0 -0 -1 0 0 0 
69 15.3718 62.141 92 1 0 0 1 0 0 0 0 0 0 0 0 0 0.408248 -0.816497 0.408248 0 -0.447214 -0.894427 0.912871 0.365148 -0.182574 0 0 0 
70 15.3718 61.141 93 1 0 0 1 0 0 0 0 0 0 0 0 0 0 -0.894427 0.447214 1 0 0 -0 0.447214 0.894427 0 0 0 
71 15.3718 60.141 93 1 0 0 1 0 0 0 0 0 0 0 0 0 0 -1 0 1 0 0 -0 0 1 0 0 0 
72 15.3718 59.141 93 1 0 0 1 0 0 0 0 0 0 0 0 0 0 -1 0 0 0 1 -1 0 0 0 0 0 
73 15.3718 58.141 93 1 0 0 1 0 0 0 0 0 0 0 0 0 0.447214 -0.894427 0 0 0 1 -0.894427 -0.447214 0 0 0 0 
74 16.3718 57.141 93 1 0 0 1 0 0 0 0 0 0 0 0 0 0.447214 -0.894427 0 0.666667 0.333333 0.666667 -0.596285 -0.298142 0.745356 0 0 0 
75 16.3718 56.141 93 1 0 0 1 0 0 0 0 0 0 0 0 0 0 -0.894427 0.447214 0.666667 0.333333 0.666667 -0.745356 0.298142 0.596285 0 0 0 
76 16.3718 55.141 94 1 0 0 1 0 0 0 0 0 0 0 0 0 0 -0.894427 0.447214 0.666667 0.333333 0.666667 -0.745356 0.298142 0.596285 0 0 0 
77 16.3718 54.141 94 1 0 0 1 0 0 0 0 0 0 0 0 0 0.447214 -0.894427 0 0.666667 0.333333 0.666667 -0.596285 -0.298142 0.745356 0 0 0 
78 17.3718 53.141 94 1 0 0 1 0 0 0 0 0 0 0 0 0 0.447214 -0.894427 0 -0 -0 1 -0.894427 -0.447214 -0 0 0 0 
79 17.3718 52.141 94 1 0 0 1 0 0 0 0 0 0 0 0 0 0 -1 0 -0.707107 0 0.707107 -0.707107 -0 -0.707107 0 0 0 
80 17.3718 51.141 94 1 0 0 1 0 0 0 0 0 0 0 0 0 0.408248 -0.816497 0.408248 -0.707107 0 0.707107 -0.57735 -0.57735 -0.57735 0 0 0 
81 18.3718 50.141 95 1 0 0 1 0 0 0 0 0 0 0 0 0 0.408248 -0.816497 0.408248 -0.894427 -0.447214 -0 0.182574 -0.365148 -0.912871 0 0 0 
82 18.3718 49.141 95 1 0 0 1 0 0 0 0 0 0 0 0 0 0.447214 -0.894427 0 -0.894427 -0.447214 -0 0 0 -1 0 0 0 
83 19.3718 48.141 95 1 0 0 1 0 0 0 0 0 0 0 0 0 0.447214 -0.894427 0 -0.894427 -0.447214 -0 0 0 -1 0 0 0 
84 19.3718 47.141 95 1 0 0 1 0 0 0 0 0 0 0 0 0 0.447214 -0.894427 0 -0.894427 -0.447214 0 0 -0 -1 0 0 0 
85 20.3718 46.141 95 1 0 0 1 0 0 0 0 0 0 0 0 0 0.408248 -0.816497 0.408248 -0.894427 -0.447214 0 0.182574 -0.365148 -0.912871 0 0 0 
86 20.3718 45.141 96 1 0 0 1 0 0 0 0 0 0 0 0 0 0.408248 -0.816497 0.408248 -0.894427 -0.447214 -0 0.182574 -0.365148 -0.912871 0 0 0 
87 21.3718 44.141 96 1 0 0 1 0 0 0 0 0 0 0 0 0 0.447214 -0.894427 0 -0.894427 -0.447214 -0 0 0 -1 0 0 0 
88 21.3718 43.141 96 1 0 0 1 0 0 0 0 0 0 0 0 0 0.447214 -0.894427 0 0 0 1 -0.894427 -0.447214 0 0 0 0 
89 22.3718 42.141 96 1 0 0 1 0 0 0 0 0 0 0 0 0 0.707107 -0.707107 0 0.57735 0.57735 0.57735 -0.408248 -0.408248 0.816497 0 0 0 
90 23.3718 41.141 96 1 0 0 1 0 0 0 0 0 0 0 0 0 0.408248 -0.816497 0.408248 0.57735 0.57735 0.57735 -0.707107 0 0.707107 0 0 0 
91 23.3718 40.141 97 1 0 0 1 0 0 0 0 0 0 0 0 0 0.408248 -0.816497 0.408248 0.57735 0.57735 0.57735 -0.707107 0 0.707107 0 0 0 
92 24.3718 39.141 97 1 0 0 1 0 0 0 0 0 0 0 0 0 0.707107 -0.707107 0 0.57735 0.57735 0.57735 -0.408248 -0.408248 0.816497 0 0 0 
93 25.3718 38.141 97 1 0 0 1 0 0 0 0 0 0 0 0 0 0.707107 -0.707107 0 0.707107 0.707107 -0 -0 0 1 0 0 0 
94 26.3718 37.141 97 1 0 0 1 0 0 0 0 0 0 0 0 0 0.666667 -0.666667 0.333333 0.707107 0.707107 -0 -0.235702 0.235702 0.942809 0 0 0 
95 27.3718 36.141 98 1 0 0 1 0 0 0 0 0 0 0 0 0 0.666667 -0.666667 0.333333 0.707107 0.707107 0 -0.235702 0.235702 0.942809 0 0 0 
96 28.3718 35.141 98 1 0 0 1 0 0 0 0 0 0 0 0 0 0.707107 -0.707107 0 0.707107 0.707107 0 -0 0 1 0 0 0 
97 29.3718 34.141 98 1 0 0 1 0 0 0 0 0 0 0 0 0 0.707107 -0.707107 0 0.707107 0.707107 -0 -0 0 1 0 0 0 
98 30.3718 33.141 98 1 0 0 1 0 0 0 0 0 0 0 0 0 0.666667 -0.666667 0.333333 0.707107 0.707107 -0 -0.235702 0.235702 0.942809 0 0 0 
99 31.3718 32.141 99 1 0 0 1 0 0 0 0 0 0 0 0 0 0.666667 -0.666667 0.333333 0.707107 0.707107 0 -0.235702 0.235702 0.942809 0 0 0 
100 32.3718 31.141 99 1 0 0 1 0 0 0 0 0 0 0 0 0 0.707107 -0.707107 0 0.707107 0.707107 0 -0 0 1 0 0 0 
101 33.3718 30.141 99 1 0 0 1 0 0 0 0 0 0 0 0 0 0.707107 -0.707107 0 0.707107 0.707107 -0 -0 0 1 0 0 0 
102 34.3718 29.141 99 1 0 0 1 0 0 0 0 0 0 0 0 0 0.666667 -0.666667 0.333333 0.707107 0.707107 -0 -0.235702 0.235702 0.942809 0 0 0 
103 35.3718 28.141 100 1 0 0 1 0 0 0 0 0 0 0 0 0 0.666667 -0.666667 0.333333 0.707107 0.707107 0 -0.235702 0.235702 0.942809 0 0 0 
104 36.3718 27.141 100 1 0 0 1 0 0 0 0 0 0 0 0 0 0.707107 -0.707107 0 0.707107 0.707107 -0 -0 0 1 0 0 0 
105 37.3718 26.141 100 1 0 0 1 0 0 0 0 0 0 0 0 0 0.666667 -0.666667 0.333333 0.707107 0.707107 -0 -0.235702 0.235702 0.942809 0 0 0 
106 38.3718 25.141 101 1 0 0 1 0 0 0 0 0 0 0 0 0 0.666667 -0.666667 0.333333 0.707107 0.707107 0 -0.235702 0.235702 0.942809 0 0 0 
107 39.3718 24.141 101 1 0 0 1 0 0 0 0 0 0 0 0 0 0.707107 -0.707107 0 0.707107 0.707107 -0 -0 0 1 0 0 0 
108 40.3718 23.141 101 1 0 0 1 0 0 0 0 0 0 0 0 0 0.666667 -0.666667 0.333333 0.707107 0.707107 -0 -0.235702 0.235702 0.942809 0 0 0 
109 41.3718 22.141 102 1 0 0 1 0 0 0 0 0 0 0 0 0 0.666667 -0.666667 0.333333 0.707107 0.707107 0 -0.235702 0.235702 0.942809 0 0 0 
110 42.3718 21.141 102 1 0 0 1 0 0 0 0 0 0 0 0 0 0.707107 -0.707107 0 0.707107 0.707107 0 -0 0 1 0 0 0 
111 43.3718 20.141 102 1 0 0 1 0 0 0 0 0 0 0 0 0 0.707107 -0.707107 0 0.707107 0.707107 -0 -0 0 1 0 0 0 
112 44.3718 19.141 102 1 0 0 1 0 0 0 0 0 0 0 0 0 0.666667 -0.666667 0.333333 0.707107 0.707107 -0 -0.235702 0.235702 0.942809 0 0 0 
113 45.3718 18.141 103 1 0 0 1 0 0 0 0 0 0 0 0 0 0.666667 -0.666667 0.333333 0.707107 0.707107 0 -0.235702 0.235702 0.942809 0 0 0 
114 46.3718 17.141 103 1 0 0 1 0 0 0 0 0 0 0 0 0 0.707107 -0.707107 0 0.707107 0.707107 0 -0 0 1 0 0 0 
115 47.3718 16.141 103 1 0 0 1 0 0 0 0 0 0 0 0 0 0.707107 -0.707107 0 0 0 1 -0.707107 -0.707107 0 0 0 0 
116 48.3718 15.141 103 1 0 0 1 0 0 0 0 0 0 0 0 0 0.894427 -0.447214 0 -0.333333 -0.666667 0.666667 -0.298142 -0.596285 -0.745356 0 0 0 
117 49.3718 15.141 103 1 0 0 1 0 0 0 0 0 0 0 0 0 0.894427 0 0.447214 -0.333333 -0.666667 0.666667 0.298142 -0.745356 -0.596285 0 0 0 
118 50.3718 15.141 104 1 0 0 1 0 0 0 0 0 0 0 0 0 0.894427 0 0.447214 -0 -1 -0 0.447214 -0 -0.894427 0 0 0 
119 51.3718 15.141 104 1 0 0 1 0 0 0 0 0 0 0 0 0 1 0 0 -0 -1 -0 0 0 -1 0 0 0 
120 52.3718 15.141 104 1 0 0 1 0 0 0 0 0 0 0 0 0 1 0 0 -0 -1 -0 0 0 -1 0 0 0 
121 53.3718 15.141 104 1 0 0 1 0 0 0 0 0 0 0 0 0 1 0 0 -0 -1 -0 0 0 -1 0 0 0 
122 54.3718 15.141 104 1 0 0 1 0 0 0 0 0 0 0 0 0 1 0 0 0 -1 0 0 0 -1 0 0 0 
123 55.3718 15.141 104 1 0 0 1 0 0 0 0 0 0 0 0 0 0.894427 0 0.447214 0 -1 0 0.447214 0 -0.894427 0 0 0 
124 56.3718 15.141 105 1 0 0 1 0 0 0 0 0 0 0 0 0 0.894427 0 0.447214 -0 -1 -0 0.447214 -0 -0.894427 0 0 0 
125 57.3718 15.141 105 1 0 0 1 0 0 0 0 0 0 0 0 0 1 0 0 -0 -1 -0 0 0 -1 0 0 0 
126 58.3718 15.141 105 1 0 0 1 0 0 0 0 0 0 0 0 0 1 0 0 -0 -1 -0 0 0 -1 0 0 0 
127 59.3718 15.141 105 1 0 0 1 0 0 0 0 0 0 0 0 0 1 0 0 0 -1 0 0 0 -1 0 0 0 
128 60.3718 15.141 105 1 0 0 1 0 0 0 0 0 0 0 0 0 0.894427 0 0.447214 0 -1 0 0.447214 0 -0.894427 0 0 0 
129 61.3718 15.141 106 1 0 0 1 0 0 0 0 0 0 0 0 0 0.894427 0 0.447214 -0 -1 -0 0.447214 -0 -0.894427 0 0 0 
130 62.3718 15.141 106 1 0 0 1 0 0 0 0 0 0 0 0 0 1 0 0 -0 -1 -0 0 0 -1 0 0 0 
131 63.3718 15.141 106 1 0 0 1 0 0 0 0 0 0 0 0 0 1 0 0 -0 -1 -0 0 0 -1 0 0 0 
132 64.3718 15.141 106 1 0 0 1 0 0 0 0 0 0 0 0 0 1 0 0 0 0 1 0 -1 0 0 0 0 
133 65.3718 15.141 106 1 0 0 1 0 0 0 0 0 0 0 0 0 0.894427 0.447214 0 0.447214 -0.894427 0 0 0 -1 0 0 0 
134 66.3718 16.141 106 1 0 0 1 0 0 0 0 0 0 0 0 0 0.816497 0.408248 0.408248 0.447214 0 -0.894427 -0.365148 0.912871 -0.182574 0 0 0 
135 67.3718 16.141 107 1 0 0 1 0 0 0 0 0 0 0 0 0 0.894427 0 0.447214 0 1 0 -0.447214 0 0.894427 0 0 0 
136 68.3718 16.141 107 1 0 0 1 0 0 0 0 0 0 0 0 0 1 0 0 0 0 1 0 -1 0 0 0 0 
137 69.3718 16.141 107 1 0 0 1 0 0 0 0 0 0 0 0 0 0.894427 0.447214 0 0 0 1 0.447214 -0.894427 0 0 0 0 
138 70.3718 17.141 107 1 0 0 1 0 0 0 0 0 0 0 0 0 0.894427 0.447214 0 -0.333333 0.666667 0.666667 0.298142 -0.596285 0.745356 0 0 0 
139 71.3718 17.141 107 1 0 0 1 0 0 0 0 0 0 0 0 0 0.894427 0 0.447214 -0.333333 0.666667 0.666667 -0.298142 -0.745356 0.596285 0 0 0 
140 72.3718 17.141 108 1 0 0 1 0 0 0 0 0 0 0 0 0 0.894427 0 0.447214 -0.333333 0.666667 0.666667 -0.298142 -0.745356 0.596285 0 0 0 
141 73.3718 17.141 108 1 0 0 1 0 0 0 0 0 0 0 0 0 0.894427 0.447214 0 -0.333333 0.666667 0.666667 0.298142 -0.596285 0.745356 0 0 0 
142 74.3718 18.141 108 1 0 0 1 0 0 0 0 0 0 0 0 0 0.894427 0.447214 0 -0.333333 0.666667 0.666667 0.298142 -0.596285 0.745356 0 0 0 
143 75.3718 18.141 108 1 0 0 1 0 0 0 0 0 0 0 0 0 0.894427 0.447214 0 -0.333333 0.666667 0.666667 0.298142 -0.596285 0.745356 0 0 0 
144 76.3718 19.141 108 1 0 0 1 0 0 0 0 0 0 0 0 0 0.894427 0.447214 0 -0.333333 0.666667 0.666667 0.298142 -0.596285 0.745356 0 0 0 
145 77.3718 19.141 108 1 0 0 1 0 0 0 0 0 0 0 0 0 0.894427 0 0.447214 -0.447214 0 0.894427 0 -1 0 0 0 0 
146 78.3718 19.141 109 1 0 0 1 0 0 0 0 0 0 0 0 0 0.816497 0.408248 0.408248 -0.447214 0.894427 0 -0.365148 -0.182574 0.912871 0 0 0 
147 79.3718 20.141 109 1 0 0 1 0 0 0 0 0 0 0 0 0 0.894427 0.447214 0 -0.447214 0.894427 0 0 -0 1 0 0 0 
148 80.3718 20.141 109 1 0 0 1 0 0 0 0 0 0 0 0 0 0.894427 0.447214 0 0 0 1 0.447214 -0.894427 0 0 0 0 
149 81.3718 21.141 109 1 0 0 1 0 0 0 0 0 0 0 0 0 0.707107 0.707107 0 -0.57735 0.57735 0.57735 0.408248 -0.408248 0.816497 0 0 0 
150 82.3718 22.141 109 1 0 0 1 0 0 0 0 0 0 0 0 0 0.816497 0.408248 0.408248 -0.57735 0.57735 0.57735 0 -0.707107 0.707107 0 0 0 
151 83.3718 22.141 110 1 0 0 1 0 0 0 0 0 0 0 0 0 0.816497 0.408248 0.408248 -0.447214 0.894427 0 -0.365148 -0.182574 0.912871 0 0 0 
152 84.3718 23.141 110 1 0 0 1 0 0 0 0 0 0 0 0 0 0.894427 0.447214 0 -0.447214 0.894427 0 0 -0 1 0 0 0 
153 85.3718 23.141 110 1 0 0 1 0 0 0 0 0 0 0 0 0 0.894427 0.447214 0 0 0 1 0.447214 -0.894427 0 0 0 0 
154 86.3718 24.141 110 1 0 0 1 0 0 0 0 0 0 0 0 0 0.707107 0.707107 0 0.707107 -0.707107 0 0 0 -1 0 0 0 
155 87.3718 25.141 110 1 0 0 1 0 0 0 0 0 0 0 0 0 0.666667 0.666667 0.333333 0.707107 -0.707107 0 0.235702 0.235702 -0.942809 0 0 0 
156 88.3718 26.141 111 1 0 0 1 0 0 0 0 0 0 0 0 0 0.666667 0.666667 0.333333 0.333333 -0.666667 0.666667 0.666667 -0.333333 -0.666667 0 0 0 
157 89.3718 27.141 111 1 0 0 1 0 0 0 0 0 0 0 0 0 0.894427 0.447214 0 0.333333 -0.666667 0.666667 0.298142 -0.596285 -0.745356 0 0 0 
158 90.3718 27.141 111 1 0 0 1 0 0 0 0 0 0 0 0 0 0.894427 0.447214 0 0.333333 -0.666667 0.666667 0.298142 -0.596285 -0.745356 0 0 0 
159 91.3718 28.141 111 1 0 0 1 0 0 0 0 0 0 0 0 0 0.666667 0.666667 0.333333 0.333333 -0.666667 0.666667 0.666667 -0.333333 -0.666667 0 0 0 
160 92.3718 29.141 112 1 0 0 1 0 0 0 0 0 0 0 0 0 0.666667 0.666667 0.333333 0.707107 -0.707107 -0 0.235702 0.235702 -0.942809 0 0 0 
161 93.3718 30.141 112 1 0 0 1 0 0 0 0 0 0 0 0 0 0.707107 0.707107 0 0.707107 -0.707107 -0 0 0 -1 0 0 0 
162 94.3718 31.141 112 1 0 0 1 0 0 0 0 0 0 0 0 0 0.707107 0.707107 0 0.707107 -0.707107 0 0 0 -1 0 0 0 
163 95.3718 32.141 112 1 0 0 1 0 0 0 0 0 0 0 0 0 0.666667 0.666667 0.333333 0.707107 -0.707107 0 0.235702 0.235702 -0.942809 0 0 0 
164 96.3718 33.141 113 1 0 0 1 0 0 0 0 0 0 0 0 0 0.666667 0.666667 0.333333 0.707107 -0.707107 -0 0.235702 0.235702 -0.942809 0 0 0 
165 97.3718 34.141 113 1 0 0 1 0 0 0 0 0 0 0 0 0 0.707107 0.707107 0 0.707107 -0.707107 0 0 0 -1 0 0 0 
166 98.3718 35.141 113 1 0 0 1 0 0 0 0 0 0 0 0 0 0.666667 0.666667 0.333333 0.707107 -0.707107 0 0.235702 0.235702 -0.942809 0 0 0 
167 99.3718 36.141 114 1 0 0 1 0 0 0 0 0 0 0 0 0 0.666667 0.666667 0.333333 0.707107 -0.707107 -0 0.235702 0.235702 -0.942809 0 0 0 
168 100.372 37.141 114 1 0 0 1 0 0 0 0 0 0 0 0 0 0.707107 0.707107 0 0.707107 -0.707107 -0 0 0 -1 0 0 0 
169 101.372 38.141 114 1 0 0 1 0 0 0 0 0 0 0 0 0 0.707107 0.707107 0 0.707107 -0.707107 0 0 0 -1 0 0 0 
170 102.372 39.141 114 1 0 0 1 0 0 0 0 0 0 0 0 0 0.666667 0.666667 0.333333 0.707107 -0.707107 0 0.235702 0.235702 -0.942809 0 0 0 
171 103.372 40.141 115 1 0 0 1 0 0 0 0 0 0 0 0 0 0.666667 0.666667 0.333333 0.707107 -0.707107 -0 0.235702 0.235702 -0.942809 0 0 0 
172 104.372 41.141 115 1 0 0 1 0 0 0 0 0 0 0 0 0 0.707107 0.707107 0 0.707107 -0.707107 -0 0 0 -1 0 0 0 
173 105.372 42.141 115 1 0 0 1 0 0 0 0 0 0 0 0 0 0.707107 0.707107 0 0.707107 -0.707107 -0 0 0 -1 0 0 0 
174 106.372 43.141 115 1 0 0 1 0 0 0 0 0 0 0 0 0 0.707107 0.707107 0 0.707107 -0.707107 -0 0 0 -1 0 0 0 
175 107.372 44.141 115 1 0 0 1 0 0 0 0 0 0 0 0 0 0.707107 0.707107 0 0.707107 -0.707107 -0 0 0 -1 0 0 0 
176 108.372 45.141 115 1 0 0 1 0 0 0 0 0 0 0 0 0 0.707107 0.707107 0 0.707107 -0.707107 -0 0 0 -1 0 0 0 
177 109.372 46.141 115 1 0 0 1 0 0 0 0 0 0 0 0 0 0.707107 0.707107 0 0.707107 -0.707107 -0 0 0 -1 0 0 0 
178 110.372 47.141 115 1 0 0 1 0 0 0 0 0 0 0 0 0 0.707107 0.707107 0 0.707107 -0.707107 -0 0 0 -1 0 0 0 
179 111.372 48.141 115 1 0 0 1 0 0 0 0 0 0 0 0 0 0.707107 0.707107 0 0.707107 -0.707107 -0 0 0 -1 0 0 0 
180 112.372 49.141 115 1 0 0 1 0 0 0 0 0 0 0 0 0 0.707107 0.707107 0 0.707107 -0.707107 -0 0 0 -1 0 0 0 
181 113.372 50.141 115 1 0 0 1 0 0 0 0 0 0 0 0 0 0.707107 0.707107 0 0 0 1 0.707107 -0.707107 0 0 0 0 
182 114.372 51.141 115 1 0 0 1 0 0 0 0 0 0 0 0 0 0.447214 0.894427 0 0 0 1 0.894427 -0.447214 0 0 0 0 
183 114.372 52.141 115 1 0 0 1 0 0 0 0 0 0 0 0 0 0 1 0 0 0 1 1 0 0 0 0 0 
184 114.372 53.141 115 1 0 0 1 0 0 0 0 0 0 0 0 0 0 1 0 0 0 1 1 0 0 0 0 0 
185 114.372 54.141 115 1 0 0 1 0 0 0 0 0 0 0 0 0 0 1 0 0 0 1 1 0 0 0 0 0 
186 114.372 55.141 115 1 0 0 1 0 0 0 0 0 0 0 0 0 0 1 0 0 0 1 1 0 0 0 0 0 
187 114.372 56.141 115 1 0 0 1 0 0 0 0 0 0 0 0 0 0 1 0 0 0 1 1 0 0 0 0 0 
188 114.372 57.141 115 1 0 0 1 0 0 0 0 0 0 0 0 0 0 1 0 0 0 1 1 0 0 0 0 0 
