-1 0
-0.99 0
-0.98 0
-0.97 0
-0.96 0
-0.95 0
-0.94 0
-0.93 0
-0.92 0
-0.91 0
-0.9 0
-0.89 0
-0.88 0
-0.87 0
-0.86 0
-0.85 0
-0.84 0
-0.83 0
-0.82 0
-0.81 0
-0.8 0
-0.79 0
-0.78 0
-0.77 0
-0.76 0
-0.75 0
-0.74 0
-0.73 0
-0.72 0
-0.71 0
-0.7 0
-0.69 0
-0.68 0
-0.67 0
-0.66 0
-0.65 0
-0.64 0
-0.63 0
-0.62 0
-0.61 0
-0.6 0
-0.59 0
-0.58 0
-0.57 0
-0.56 0
-0.55 1
-0.54 1
-0.53 8
-0.52 18
-0.51 30
-0.5 59
-0.49 120
-0.48 186
-0.47 289
-0.46 338
-0.45 343
-0.44 335
-0.43 340
-0.42 287
-0.41 296
-0.4 262
-0.39 263
-0.38 289
-0.37 257
-0.36 247
-0.35 246
-0.34 243
-0.33 267
-0.32 331
-0.31 434
-0.3 645
-0.29 936
-0.28 1218
-0.27 1552
-0.26 1618
-0.25 1540
-0.24 1361
-0.23 915
-0.22 572
-0.21 316
-0.2 131
-0.19 67
-0.18 15
-0.17 5
-0.16 2
-0.15 1
-0.14 0
-0.13 0
-0.12 0
-0.11 0
-0.1 0
-0.09 0
-0.08 0
-0.07 0
-0.06 0
-0.05 0
-0.04 0
-0.03 0
-0.02 0
-0.0100001 0
