-138.087,-143.148,-762.206,4
-134.832,-152.913,-760.036,2
-138.087,-143.148,-761.121,2
-127.238,-162.677,-758.951,4
-134.832,-152.913,-758.951,2
-137.002,-140.978,-757.866,1
-134.832,-152.913,-756.781,4
-145.682,-145.318,-756.781,4
-137.002,-140.978,-756.781,1
-135.917,-140.978,-755.696,2
-146.767,-145.318,-753.526,1
-135.917,-140.978,-754.611,1
-130.492,-168.102,-751.357,2
-129.407,-168.102,-751.357,1
-146.767,-146.403,-751.357,2
-146.767,-145.318,-752.441,2
-130.492,-168.102,-749.187,2
-129.407,-168.102,-750.272,1
-146.767,-146.403,-750.272,1
-146.767,-145.318,-750.272,4
-130.492,-168.102,-748.102,2
-145.682,-148.573,-747.017,2
-146.767,-146.403,-748.102,2
-146.767,-145.318,-748.102,4
-135.917,-140.978,-747.017,1
-133.747,-177.867,-745.932,1
-130.492,-167.017,-744.847,1
-120.728,-165.932,-744.847,4
-145.682,-148.573,-744.847,1
-128.322,-148.573,-744.847,2
-135.917,-140.978,-745.932,4
-135.917,-138.808,-744.847,4
-120.728,-165.932,-743.762,2
-130.492,-164.847,-742.677,1
-114.218,-160.507,-742.677,2
-145.682,-148.573,-743.762,4
-143.512,-149.658,-742.677,1
-142.427,-149.658,-742.677,4
-128.322,-148.573,-742.677,2
-120.728,-160.507,-740.507,4
-143.512,-149.658,-741.592,2
-142.427,-149.658,-741.592,1
-128.322,-148.573,-741.592,4
-121.813,-135.553,-740.507,2
-119.643,-160.507,-739.422,1
-128.322,-158.337,-739.422,4
-126.153,-155.082,-738.337,4
-142.427,-150.743,-739.422,1
-127.238,-151.828,-739.422,4
-127.238,-149.658,-739.422,1
-127.238,-155.082,-737.252,4
-126.153,-153.998,-736.167,4
-110.963,-153.998,-737.252,1
-139.172,-150.743,-736.167,4
-126.153,-150.743,-736.167,2
-112.048,-151.828,-736.167,1
-127.238,-149.658,-737.252,4
-130.492,-139.893,-737.252,1
-130.492,-138.808,-736.167,1
-151.107,-153.998,-735.082,4
-134.832,-151.828,-733.997,4
-126.153,-151.828,-733.997,1
-110.963,-151.828,-733.997,1
-141.342,-130.128,-733.997,4
-133.747,-119.279,-735.082,1
-134.832,-150.743,-732.912,1
-126.153,-151.828,-732.912,1
-109.878,-151.828,-732.912,1
-128.322,-136.638,-732.912,4
-127.238,-136.638,-731.827,1
-141.342,-130.128,-732.912,1
-121.813,-130.128,-732.912,1
-131.577,-120.364,-731.827,2
-141.342,-113.854,-732.912,4
-134.832,-150.743,-730.742,1
-133.747,-150.743,-730.742,1
-131.577,-150.743,-729.657,4
-128.322,-150.743,-729.657,4
-126.153,-150.743,-730.742,2
-107.708,-150.743,-729.657,4
-129.407,-135.553,-729.657,4
-127.238,-136.638,-730.742,4
-125.068,-136.638,-729.657,4
-139.172,-131.213,-729.657,1
-131.577,-120.364,-730.742,2
-134.832,-162.677,-727.487,1
-131.577,-150.743,-728.572,4
-129.407,-150.743,-727.487,2
-126.153,-150.743,-728.572,2
-106.623,-150.743,-727.487,1
-106.623,-149.658,-727.487,1
-123.983,-135.553,-727.487,1
-121.813,-134.468,-727.487,2
-120.728,-133.383,-727.487,2
-142.427,-116.024,-727.487,2
-130.492,-116.024,-727.487,1
-137.002,-163.762,-725.317,1
-134.832,-161.592,-725.317,1
-134.832,-160.507,-725.317,1
-133.747,-160.507,-725.317,1
-132.662,-158.337,-725.317,4
-131.577,-157.252,-725.317,1
-130.492,-156.167,-725.317,4
-130.492,-152.913,-725.317,2
-131.577,-150.743,-726.402,1
-128.322,-150.743,-725.317,2
-106.623,-150.743,-726.402,1
-126.153,-149.658,-725.317,1
-106.623,-149.658,-726.402,1
-115.303,-144.233,-725.317,4
-120.728,-133.383,-726.402,1
-142.427,-116.024,-726.402,2
-134.832,-161.592,-724.232,1
-134.832,-160.507,-724.232,1
-131.577,-157.252,-724.232,1
-130.492,-156.167,-724.232,4
-130.492,-152.913,-724.232,4
-105.538,-148.573,-724.232,1
-103.368,-149.658,-723.148,4
-116.388,-133.383,-723.148,2
-131.577,-187.631,-722.063,1
-125.068,-148.573,-720.978,4
-104.453,-148.573,-722.063,2
-102.283,-148.573,-720.978,1
-130.492,-134.468,-720.978,2
-115.303,-133.383,-720.978,1
-141.342,-118.194,-722.063,2
-140.257,-117.109,-720.978,1
-120.728,-159.422,-718.808,4
-120.728,-158.337,-718.808,4
-125.068,-148.573,-719.893,4
-104.453,-149.658,-719.893,4
-102.283,-148.573,-718.808,2
-101.198,-148.573,-718.808,1
-122.898,-147.488,-718.808,2
-129.407,-135.553,-718.808,4
-129.407,-134.468,-718.808,1
-115.303,-133.383,-719.893,1
-120.728,-156.167,-716.638,4
-102.283,-148.573,-717.723,4
-122.898,-147.488,-716.638,1
-100.114,-147.488,-716.638,1
-152.192,-139.893,-717.723,4
-128.322,-135.553,-716.638,2
-129.407,-134.468,-717.723,4
-115.303,-133.383,-717.723,1
-139.172,-117.109,-716.638,1
-121.813,-155.082,-715.553,2
-121.813,-153.998,-715.553,1
-121.813,-150.743,-714.468,1
-122.898,-148.573,-715.553,4
-101.198,-148.573,-715.553,1
-122.898,-147.488,-715.553,1
-100.114,-147.488,-715.553,1
-128.322,-135.553,-715.553,4
-127.238,-136.638,-714.468,4
-116.388,-133.383,-714.468,4
-113.133,-134.468,-715.553,1
-139.172,-117.109,-715.553,4
-138.087,-117.109,-715.553,4
-109.878,-157.252,-713.383,4
-121.813,-146.403,-712.298,1
-99.0286,-147.488,-712.298,2
-145.682,-139.893,-712.298,2
-126.153,-137.723,-712.298,4
-125.068,-138.808,-712.298,4
-113.133,-133.383,-713.383,4
-110.963,-134.468,-712.298,1
-137.002,-116.024,-712.298,4
-138.087,-152.913,-710.128,2
-121.813,-148.573,-711.213,2
-121.813,-146.403,-711.213,1
-100.114,-147.488,-711.213,4
-99.0286,-147.488,-711.213,4
-96.8586,-147.488,-710.128,2
-121.813,-145.318,-711.213,2
-143.512,-142.063,-710.128,1
-122.898,-143.148,-711.213,2
-145.682,-139.893,-711.213,1
-125.068,-139.893,-710.128,4
-125.068,-138.808,-710.128,4
-110.963,-134.468,-710.128,2
-134.832,-113.854,-710.128,1
-133.747,-114.939,-710.128,2
-118.558,-158.337,-707.958,4
-137.002,-152.913,-709.043,4
-135.917,-152.913,-707.958,4
-97.9436,-147.488,-709.043,2
-96.8586,-147.488,-707.958,4
-94.6887,-146.403,-707.958,4
-143.512,-142.063,-709.043,1
-121.813,-143.148,-707.958,4
-110.963,-134.468,-709.043,2
-109.878,-134.468,-709.043,1
-153.277,-132.298,-709.043,4
-142.427,-130.128,-709.043,2
-134.832,-114.939,-709.043,4
-133.747,-113.854,-707.958,4
-118.558,-158.337,-706.873,4
-135.917,-152.913,-706.873,1
-108.793,-149.658,-706.873,4
-95.7737,-147.488,-706.873,2
-142.427,-143.148,-706.873,1
-119.643,-143.148,-705.788,2
-152.192,-135.553,-705.788,4
-110.963,-135.553,-706.873,2
-109.878,-134.468,-706.873,2
-133.747,-113.854,-705.788,4
-132.662,-112.769,-705.788,2
-95.7737,-147.488,-704.703,2
-142.427,-143.148,-704.703,4
-140.257,-142.063,-703.618,1
-119.643,-143.148,-703.618,1
-108.793,-133.383,-704.703,1
-116.388,-126.874,-703.618,2
-133.747,-113.854,-704.703,4
-103.368,-162.677,-702.533,4
-95.7737,-146.403,-702.533,2
-94.6887,-146.403,-702.533,1
-139.172,-144.233,-702.533,1
-138.087,-144.233,-701.448,2
-119.643,-145.318,-702.533,4
-120.728,-143.148,-702.533,4
-108.793,-133.383,-702.533,4
-106.623,-133.383,-702.533,1
-131.577,-112.769,-702.533,2
-132.662,-153.998,-700.363,4
-93.6038,-146.403,-700.363,1
-137.002,-144.233,-700.363,2
-135.917,-144.233,-700.363,4
-118.558,-143.148,-699.278,1
-106.623,-133.383,-700.363,4
-113.133,-130.128,-699.278,2
-109.878,-122.534,-700.363,1
-130.492,-113.854,-700.363,1
-92.5188,-218.01,-697.108,4
-104.453,-213.67,-697.108,1
-87.094,-189.801,-698.193,2
-150.022,-152.913,-697.108,2
-133.747,-152.913,-698.193,2
-131.577,-152.913,-697.108,4
-92.5188,-146.403,-698.193,1
-132.662,-144.233,-698.193,4
-92.5188,-145.318,-698.193,1
-133.747,-143.148,-698.193,1
-119.643,-142.063,-698.193,2
-118.558,-143.148,-698.193,1
-116.388,-143.148,-697.108,1
-106.623,-133.383,-697.108,4
-104.453,-134.468,-698.193,4
-103.368,-133.383,-698.193,4
-113.133,-129.043,-697.108,2
-112.048,-129.043,-697.108,4
-128.322,-113.854,-697.108,1
-110.963,-214.755,-696.023,1
-109.878,-214.755,-696.023,1
-88.179,-198.481,-696.023,4
-144.597,-165.932,-694.939,2
-130.492,-152.913,-694.939,1
-91.4338,-146.403,-696.023,1
-129.407,-144.233,-694.939,2
-126.153,-144.233,-694.939,2
-125.068,-144.233,-694.939,2
-91.4338,-144.233,-694.939,4
-122.898,-142.063,-694.939,2
-119.643,-142.063,-696.023,1
-117.473,-143.148,-694.939,2
-89.2639,-143.148,-694.939,1
-100.114,-133.383,-694.939,2
-112.048,-129.043,-696.023,1
-128.322,-123.619,-694.939,2
-127.238,-123.619,-694.939,2
-110.963,-121.449,-694.939,1
-109.878,-121.449,-694.939,2
-128.322,-113.854,-696.023,2
-126.153,-113.854,-696.023,1
-123.983,-113.854,-694.939,1
-103.368,-219.095,-692.769,4
-100.114,-219.095,-692.769,4
-110.963,-214.755,-693.854,1
-100.114,-171.357,-693.854,1
-97.9436,-161.592,-693.854,4
-129.407,-151.828,-692.769,1
-129.407,-144.233,-693.854,2
-126.153,-144.233,-693.854,4
-125.068,-144.233,-692.769,4
-122.898,-142.063,-692.769,2
-119.643,-142.063,-692.769,1
-117.473,-143.148,-693.854,4
-108.793,-131.213,-692.769,1
-107.708,-131.213,-692.769,2
-104.453,-132.298,-693.854,4
-103.368,-131.213,-692.769,4
-100.114,-132.298,-692.769,2
-113.133,-129.043,-692.769,1
-112.048,-129.043,-693.854,4
-108.793,-130.128,-692.769,1
-128.322,-123.619,-693.854,4
-127.238,-123.619,-693.854,4
-123.983,-113.854,-692.769,1
6.21256,-227.775,-690.599,2
4.04264,-225.605,-690.599,2
-3.55208,-222.35,-690.599,2
-20.9114,-204.991,-691.684,2
-139.172,-152.913,-690.599,4
-138.087,-150.743,-690.599,4
-129.407,-151.828,-691.684,2
-133.747,-147.488,-691.684,4
-131.577,-145.318,-691.684,4
-129.407,-145.318,-691.684,2
-126.153,-144.233,-691.684,2
-125.068,-144.233,-691.684,2
-121.813,-143.148,-691.684,2
-119.643,-142.063,-691.684,1
-117.473,-143.148,-691.684,2
-115.303,-143.148,-691.684,1
-108.793,-131.213,-691.684,2
-107.708,-131.213,-691.684,1
-104.453,-131.213,-691.684,1
-103.368,-131.213,-691.684,1
-100.114,-132.298,-691.684,1
-113.133,-129.043,-691.684,4
-112.048,-130.128,-691.684,4
-108.793,-130.128,-691.684,1
-147.852,-126.874,-690.599,2
-109.878,-122.534,-691.684,2
-122.898,-113.854,-691.684,1
4.04264,-226.69,-688.429,2
6.21256,-227.775,-689.514,4
-109.878,-215.84,-688.429,1
-23.0814,-206.076,-689.514,2
-20.9114,-204.991,-689.514,2
-17.6566,-206.076,-689.514,2
-23.0814,-203.906,-689.514,4
-21.9964,-201.736,-689.514,2
-95.7737,-168.102,-688.429,1
-95.7737,-167.017,-688.429,2
-147.852,-152.913,-688.429,1
-138.087,-150.743,-689.514,4
-126.153,-150.743,-688.429,2
-117.473,-142.063,-689.514,2
-116.388,-143.148,-689.514,1
-94.6887,-142.063,-688.429,2
-92.5188,-142.063,-689.514,2
-90.3489,-143.148,-688.429,2
-93.6038,-140.978,-689.514,1
-95.7737,-137.723,-688.429,2
-94.6887,-137.723,-688.429,2
-97.9436,-135.553,-689.514,1
-95.7737,-136.638,-689.514,4
-152.192,-134.468,-688.429,4
-99.0286,-134.468,-689.514,1
-97.9436,-132.298,-688.429,1
-147.852,-124.704,-689.514,2
-122.898,-124.704,-688.429,4
-109.878,-122.534,-688.429,1
-119.643,-118.194,-688.429,1
-119.643,-117.109,-688.429,4
-120.728,-114.939,-688.429,1
-148.937,-110.599,-688.429,4
7.29752,-226.69,-686.259,2
11.6374,-226.69,-686.259,2
-15.4866,-219.095,-687.344,4
-109.878,-215.84,-687.344,2
-112.048,-213.67,-686.259,4
-92.5188,-208.246,-686.259,4
-95.7737,-167.017,-687.344,2
-87.094,-165.932,-686.259,1
-147.852,-152.913,-687.344,4
-126.153,-150.743,-687.344,2
-123.983,-150.743,-687.344,1
-122.898,-150.743,-686.259,1
-151.107,-147.488,-687.344,4
-129.407,-145.318,-686.259,4
-116.388,-143.148,-687.344,1
-91.4338,-143.148,-686.259,2
-90.3489,-143.148,-687.344,4
-87.094,-143.148,-686.259,2
-84.9241,-143.148,-686.259,1
-83.8391,-143.148,-686.259,1
-115.303,-140.978,-686.259,2
-94.6887,-140.978,-687.344,1
-91.4338,-140.978,-686.259,1
-95.7737,-137.723,-687.344,1
-94.6887,-137.723,-687.344,1
-95.7737,-136.638,-687.344,1
-95.7737,-133.383,-686.259,2
-96.8586,-131.213,-686.259,1
-116.388,-121.449,-686.259,2
-114.218,-121.449,-686.259,1
-112.048,-121.449,-686.259,1
-150.022,-113.854,-686.259,4
-148.937,-110.599,-687.344,4
-126.153,-101.919,-686.259,4
10.5524,-224.52,-685.174,2
-107.708,-214.755,-684.089,4
-133.747,-197.396,-684.089,4
-133.747,-195.226,-684.089,4
-133.747,-170.272,-685.174,4
-79.4993,-169.187,-685.174,1
-95.7737,-167.017,-685.174,4
-93.6038,-156.167,-684.089,2
-91.4338,-155.082,-684.089,2
-123.983,-151.828,-685.174,1
-122.898,-151.828,-685.174,1
-120.728,-151.828,-684.089,2
-83.8391,-144.233,-684.089,1
-89.2639,-143.148,-685.174,1
-87.094,-143.148,-685.174,4
-84.9241,-143.148,-685.174,1
-83.8391,-143.148,-685.174,1
-114.218,-139.893,-685.174,1
-95.7737,-139.893,-685.174,2
-94.6887,-139.893,-685.174,1
-91.4338,-140.978,-685.174,1
-89.2639,-140.978,-685.174,1
-95.7737,-137.723,-685.174,2
-95.7737,-136.638,-685.174,2
-95.7737,-133.383,-685.174,4
-95.7737,-132.298,-684.089,4
-114.218,-121.449,-684.089,4
-150.022,-113.854,-685.174,4
-148.937,-110.599,-684.089,2
-107.708,-214.755,-683.004,4
-108.793,-211.5,-683.004,1
-122.898,-203.906,-681.919,2
-133.747,-198.481,-683.004,4
-133.747,-196.311,-683.004,4
-133.747,-195.226,-683.004,1
-97.9436,-188.716,-681.919,2
-80.5842,-183.291,-683.004,2
-139.172,-177.867,-683.004,2
-145.682,-175.697,-683.004,1
-82.7542,-164.847,-681.919,1
-147.852,-162.677,-681.919,4
-93.6038,-161.592,-681.919,4
-95.7737,-159.422,-681.919,4
-96.8586,-157.252,-681.919,2
-94.6887,-156.167,-681.919,1
-91.4338,-155.082,-683.004,1
-90.3489,-155.082,-683.004,1
-120.728,-152.913,-683.004,1
-118.558,-152.913,-683.004,1
-116.388,-152.913,-683.004,1
-90.3489,-153.998,-681.919,2
-90.3489,-151.828,-681.919,2
-87.094,-149.658,-681.919,1
-87.094,-146.403,-683.004,1
-79.4993,-146.403,-681.919,1
-76.2444,-146.403,-681.919,1
-75.1594,-146.403,-681.919,1
-71.9046,-146.403,-681.919,1
-88.179,-145.318,-683.004,4
-86.009,-145.318,-683.004,1
-83.8391,-145.318,-681.919,1
-81.6692,-145.318,-683.004,1
-78.4143,-145.318,-683.004,1
-114.218,-140.978,-683.004,2
-110.963,-139.893,-683.004,1
-109.878,-140.978,-681.919,1
-95.7737,-126.874,-681.919,1
-96.8586,-125.789,-683.004,1
-95.7737,-123.619,-681.919,2
-114.218,-121.449,-683.004,2
-148.937,-117.109,-681.919,1
-148.937,-110.599,-683.004,2
-108.793,-104.089,-683.004,1
-107.708,-104.089,-683.004,1
-30.6761,-222.35,-680.834,2
-106.623,-214.755,-679.749,4
-105.538,-214.755,-679.749,4
-108.793,-211.5,-680.834,2
-80.5842,-198.481,-679.749,4
-122.898,-197.396,-679.749,4
-133.747,-195.226,-680.834,1
-96.8586,-188.716,-679.749,1
-96.8586,-186.546,-679.749,1
-147.852,-162.677,-680.834,4
-97.9436,-157.252,-679.749,1
-95.7737,-157.252,-679.749,1
-93.6038,-157.252,-679.749,1
-92.5188,-158.337,-679.749,1
-92.5188,-156.167,-679.749,4
-89.2639,-155.082,-679.749,1
-89.2639,-152.913,-679.749,2
-88.179,-153.998,-679.749,1
-86.009,-152.913,-679.749,1
-153.277,-150.743,-680.834,4
-116.388,-151.828,-680.834,1
-114.218,-151.828,-679.749,4
-84.9241,-151.828,-679.749,1
-135.917,-149.658,-679.749,2
-86.009,-149.658,-679.749,2
-82.7542,-149.658,-679.749,1
-80.5842,-148.573,-679.749,1
-80.5842,-146.403,-680.834,1
-78.4143,-147.488,-680.834,1
-77.3294,-147.488,-680.834,1
-75.1594,-147.488,-679.749,1
-71.9046,-147.488,-680.834,1
-70.8196,-146.403,-680.834,1
-110.963,-139.893,-680.834,1
-109.878,-138.808,-679.749,1
-107.708,-137.723,-679.749,1
-132.662,-133.383,-679.749,2
-95.7737,-126.874,-680.834,2
-95.7737,-124.704,-680.834,2
-113.133,-123.619,-679.749,1
-112.048,-122.534,-680.834,1
-109.878,-123.619,-679.749,1
-96.8586,-123.619,-680.834,2
-95.7737,-121.449,-679.749,2
-151.107,-118.194,-679.749,4
-106.623,-214.755,-677.579,1
-84.9241,-211.5,-677.579,4
-84.9241,-210.415,-677.579,4
-86.009,-208.246,-677.579,2
-121.813,-197.396,-678.664,4
-76.2444,-197.396,-677.579,2
-74.0745,-196.311,-677.579,2
-72.9895,-196.311,-677.579,2
-70.8196,-196.311,-677.579,1
-135.917,-195.226,-677.579,1
-97.9436,-188.716,-678.664,4
-93.6038,-187.631,-677.579,1
-92.5188,-186.546,-677.579,4
-81.6692,-186.546,-677.579,4
-151.107,-167.017,-678.664,4
-100.114,-158.337,-678.664,1
-99.0286,-157.252,-677.579,1
-95.7737,-157.252,-678.664,1
-94.6887,-157.252,-677.579,1
-92.5188,-158.337,-678.664,2
-103.368,-156.167,-677.579,4
-101.198,-155.082,-677.579,1
-91.4338,-156.167,-678.664,2
-89.2639,-155.082,-678.664,2
-115.303,-152.913,-678.664,4
-113.133,-152.913,-678.664,2
-112.048,-152.913,-678.664,2
-108.793,-152.913,-677.579,4
-106.623,-152.913,-677.579,1
-104.453,-153.998,-677.579,4
-102.283,-153.998,-677.579,1
-89.2639,-152.913,-678.664,4
-88.179,-150.743,-678.664,4
-84.9241,-151.828,-678.664,2
-82.7542,-150.743,-678.664,1
-69.7346,-151.828,-677.579,1
-67.5647,-150.743,-678.664,1
-65.3948,-151.828,-678.664,2
-135.917,-149.658,-678.664,2
-81.6692,-149.658,-678.664,1
-75.1594,-149.658,-678.664,1
-71.9046,-149.658,-677.579,4
-69.7346,-149.658,-678.664,1
-78.4143,-147.488,-678.664,4
-77.3294,-147.488,-678.664,1
-75.1594,-147.488,-678.664,1
-152.192,-139.893,-677.579,4
-109.878,-138.808,-677.579,1
-106.623,-138.808,-677.579,1
-105.538,-138.808,-677.579,1
-132.662,-133.383,-678.664,4
-108.793,-124.704,-677.579,1
-95.7737,-125.789,-678.664,1
-96.8586,-122.534,-678.664,1
-96.8586,-121.449,-677.579,1
-96.8586,-118.194,-677.579,2
-150.022,-117.109,-678.664,1
-147.852,-117.109,-678.664,4
-89.2639,-116.024,-678.664,1
-24.1663,-216.925,-676.494,4
-24.1663,-213.67,-675.409,4
-84.9241,-210.415,-676.494,4
-86.009,-208.246,-675.409,1
-76.2444,-197.396,-676.494,4
-74.0745,-196.311,-676.494,2
-72.9895,-196.311,-676.494,1
-70.8196,-196.311,-676.494,1
-116.388,-186.546,-676.494,4
-93.6038,-185.461,-676.494,1
-91.4338,-185.461,-676.494,4
-89.2639,-185.461,-675.409,4
-81.6692,-185.461,-675.409,2
-102.283,-157.252,-675.409,1
-101.198,-158.337,-676.494,1
-99.0286,-157.252,-676.494,1
-95.7737,-158.337,-676.494,1
-93.6038,-157.252,-676.494,2
-103.368,-156.167,-676.494,4
-92.5188,-156.167,-676.494,2
-89.2639,-155.082,-676.494,1
-108.793,-152.913,-676.494,4
-106.623,-152.913,-676.494,4
-104.453,-153.998,-676.494,2
-102.283,-152.913,-676.494,4
-88.179,-152.913,-676.494,4
-86.009,-152.913,-676.494,2
-82.7542,-153.998,-676.494,1
-67.5647,-153.998,-675.409,2
-65.3948,-152.913,-675.409,1
-63.2249,-152.913,-676.494,1
-82.7542,-150.743,-676.494,1
-81.6692,-150.743,-676.494,1
-79.4993,-151.828,-676.494,1
-74.0745,-151.828,-676.494,2
-71.9046,-151.828,-675.409,1
-69.7346,-151.828,-676.494,2
-67.5647,-151.828,-675.409,1
-76.2444,-149.658,-676.494,2
-74.0745,-149.658,-676.494,1
-151.107,-147.488,-675.409,2
-105.538,-137.723,-675.409,1
-105.538,-124.704,-675.409,1
-99.0286,-118.194,-676.494,4
-99.0286,-117.109,-676.494,1
-97.9436,-114.939,-676.494,1
-119.643,-85.645,-676.494,2
-5.722,-215.84,-674.324,4
-30.6761,-213.67,-674.324,2
-25.2513,-212.585,-674.324,4
-86.009,-208.246,-674.324,2
-67.5647,-194.141,-674.324,1
-66.4798,-194.141,-674.324,2
-90.3489,-186.546,-674.324,1
-88.179,-185.461,-674.324,1
-86.009,-184.376,-673.239,1
-83.8391,-184.376,-673.239,2
-80.5842,-184.376,-674.324,2
-108.793,-171.357,-674.324,4
-107.708,-171.357,-673.239,4
-100.114,-165.932,-673.239,1
-64.3098,-165.932,-673.239,1
-100.114,-163.762,-674.324,4
-63.2249,-164.847,-673.239,1
-100.114,-162.677,-674.324,4
-64.3098,-161.592,-674.324,1
-101.198,-160.507,-674.324,4
-64.3098,-160.507,-674.324,1
-101.198,-157.252,-674.324,4
-64.3098,-158.337,-674.324,1
-101.198,-155.082,-674.324,1
-67.5647,-155.082,-674.324,2
-65.3948,-156.167,-674.324,1
-63.2249,-155.082,-674.324,1
-141.342,-152.913,-673.239,4
-152.192,-146.403,-673.239,1
-151.107,-147.488,-674.324,2
-107.708,-138.808,-674.324,1
-104.453,-138.808,-673.239,1
-103.368,-138.808,-673.239,1
-103.368,-136.638,-673.239,1
-103.368,-133.383,-673.239,4
-103.368,-131.213,-673.239,2
-103.368,-129.043,-673.239,4
-106.623,-126.874,-674.324,1
-104.453,-127.958,-674.324,1
-103.368,-126.874,-674.324,4
-101.198,-114.939,-674.324,1
-97.9436,-114.939,-674.324,4
-96.8586,-114.939,-674.324,1
-93.6038,-112.769,-673.239,1
-8.97688,-213.67,-671.069,4
-92.5188,-211.5,-672.154,4
-15.4866,-212.585,-672.154,4
-13.3167,-211.5,-672.154,4
-30.6761,-210.415,-672.154,4
-84.9241,-204.991,-671.069,1
-25.2513,-206.076,-671.069,2
-87.094,-184.376,-672.154,4
-86.009,-184.376,-671.069,2
-83.8391,-183.291,-671.069,2
-80.5842,-184.376,-672.154,2
-79.4993,-184.376,-671.069,1
-102.283,-168.102,-671.069,1
-64.3098,-165.932,-672.154,2
-63.2249,-164.847,-672.154,1
-63.2249,-162.677,-672.154,1
-64.3098,-160.507,-672.154,1
-63.2249,-158.337,-672.154,1
-63.2249,-155.082,-672.154,1
-102.283,-152.913,-671.069,4
-103.368,-136.638,-671.069,1
-151.107,-133.383,-671.069,4
-103.368,-134.468,-671.069,1
-119.643,-130.128,-671.069,2
-118.558,-130.128,-671.069,4
-116.388,-129.043,-672.154,2
-106.623,-114.939,-671.069,1
-104.453,-113.854,-671.069,4
-102.283,-114.939,-672.154,4
-101.198,-114.939,-672.154,2
-97.9436,-114.939,-672.154,4
-95.7737,-113.854,-672.154,4
-93.6038,-112.769,-671.069,1
-92.5188,-111.684,-671.069,1
-89.2639,-109.514,-671.069,1
-100.114,-103.004,-671.069,2
-106.623,-98.6646,-671.069,4
-110.963,-96.4946,-671.069,4
-109.878,-96.4946,-671.069,1
-115.303,-91.0698,-671.069,1
14.8922,-218.01,-668.9,1
-16.5716,-211.5,-668.9,4
-8.97688,-212.585,-668.9,4
-19.8265,-209.33,-668.9,4
-18.7415,-209.33,-668.9,1
-26.3362,-202.821,-668.9,1
-82.7542,-201.736,-668.9,1
-86.009,-184.376,-669.984,2
-83.8391,-183.291,-669.984,1
-81.6692,-183.291,-668.9,1
-78.4143,-183.291,-668.9,2
-102.283,-168.102,-669.984,1
-100.114,-168.102,-669.984,2
-61.055,-165.932,-669.984,2
-62.1399,-164.847,-669.984,1
-61.055,-162.677,-669.984,2
-32.846,-159.422,-669.984,4
-63.2249,-157.252,-669.984,1
-63.2249,-155.082,-669.984,1
-102.283,-152.913,-669.984,1
-62.1399,-152.913,-669.984,2
-103.368,-150.743,-669.984,1
-102.283,-149.658,-668.9,4
-103.368,-147.488,-668.9,2
-37.1858,-147.488,-668.9,4
-102.283,-144.233,-669.984,2
-102.283,-143.148,-668.9,2
-102.283,-139.893,-669.984,1
-102.283,-137.723,-668.9,1
-100.114,-136.638,-669.984,1
-101.198,-134.468,-668.9,1
-110.963,-131.213,-669.984,4
-109.878,-131.213,-669.984,4
-127.238,-130.128,-669.984,4
-107.708,-112.769,-668.9,1
-95.7737,-112.769,-669.984,2
-93.6038,-112.769,-669.984,1
-92.5188,-111.684,-669.984,1
-89.2639,-109.514,-668.9,2
-100.114,-107.344,-668.9,2
-100.114,-106.259,-668.9,4
-102.283,-103.004,-668.9,4
-100.114,-103.004,-668.9,1
-104.453,-101.919,-669.984,4
-103.368,-101.919,-668.9,1
-106.623,-98.6646,-669.984,4
-105.538,-99.7495,-668.9,1
-109.878,-96.4946,-669.984,1
17.0622,-213.67,-666.73,1
-10.0618,-211.5,-666.73,4
-6.80696,-212.585,-667.815,2
17.0622,-211.5,-666.73,1
-19.8265,-209.33,-667.815,4
-18.7415,-210.415,-667.815,1
-31.761,-208.246,-666.73,2
-29.5911,-207.161,-666.73,4
-27.4212,-206.076,-666.73,1
-26.3362,-202.821,-667.815,4
-82.7542,-201.736,-667.815,1
-82.7542,-199.566,-667.815,4
-51.2903,-199.566,-666.73,1
-41.5257,-199.566,-666.73,2
-40.4407,-198.481,-666.73,1
-38.2708,-198.481,-666.73,4
-80.5842,-196.311,-666.73,4
-49.1204,-196.311,-666.73,1
-45.8655,-197.396,-666.73,1
-44.7806,-196.311,-666.73,1
-42.6106,-196.311,-666.73,1
-80.5842,-195.226,-666.73,1
-81.6692,-183.291,-667.815,1
-78.4143,-183.291,-667.815,4
-77.3294,-183.291,-667.815,1
-121.813,-172.442,-667.815,4
-102.283,-171.357,-667.815,1
-102.283,-169.187,-667.815,1
-56.7151,-168.102,-667.815,1
-55.6302,-168.102,-667.815,1
-58.885,-167.017,-667.815,2
-63.2249,-152.913,-667.815,2
-61.055,-153.998,-667.815,2
-145.682,-151.828,-667.815,1
-128.322,-150.743,-666.73,4
-103.368,-151.828,-667.815,1
-102.283,-149.658,-667.815,2
-103.368,-147.488,-666.73,1
-103.368,-145.318,-666.73,2
-30.6761,-145.318,-667.815,1
-102.283,-143.148,-666.73,4
-102.283,-140.978,-667.815,2
-102.283,-137.723,-667.815,1
-100.114,-137.723,-666.73,1
-97.9436,-137.723,-667.815,1
-108.793,-112.769,-667.815,4
-107.708,-112.769,-667.815,4
-81.6692,-112.769,-666.73,2
-89.2639,-109.514,-667.815,1
-89.2639,-108.429,-667.815,2
-102.283,-105.174,-667.815,2
-89.2639,-105.174,-667.815,1
-102.283,-103.004,-667.815,2
-90.3489,-103.004,-667.815,1
-102.283,-101.919,-667.815,2
-90.3489,-100.834,-666.73,2
-90.3489,-99.7495,-666.73,2
17.0622,-224.52,-665.645,2
6.21256,-213.67,-665.645,1
17.0622,-213.67,-665.645,1
-52.3753,-211.5,-664.56,1
17.0622,-211.5,-665.645,2
15.9772,-209.33,-665.645,1
-97.9436,-208.246,-664.56,4
-36.1009,-200.651,-664.56,4
-32.846,-201.736,-665.645,1
-31.761,-201.736,-665.645,1
-38.2708,-198.481,-665.645,4
-35.0159,-199.566,-665.645,4
-80.5842,-196.311,-665.645,1
-52.3753,-197.396,-664.56,1
-51.2903,-196.311,-664.56,2
-49.1204,-196.311,-664.56,2
-45.8655,-196.311,-664.56,1
-43.6956,-197.396,-665.645,1
-42.6106,-196.311,-665.645,1
-39.3558,-197.396,-665.645,4
-38.2708,-197.396,-665.645,1
-27.4212,-197.396,-664.56,4
-80.5842,-195.226,-665.645,1
-52.3753,-195.226,-664.56,1
-79.4993,-193.056,-664.56,1
-54.5452,-193.056,-665.645,1
-105.538,-190.886,-664.56,2
-76.2444,-183.291,-665.645,4
-77.3294,-181.122,-665.645,4
-105.538,-170.272,-665.645,1
-52.3753,-169.187,-665.645,4
-131.577,-163.762,-665.645,1
-54.5452,-164.847,-664.56,4
-138.087,-160.507,-664.56,1
-64.3098,-153.998,-665.645,1
-128.322,-150.743,-665.645,1
-102.283,-150.743,-665.645,1
-103.368,-148.573,-664.56,1
-106.623,-147.488,-664.56,4
-104.453,-147.488,-664.56,1
-103.368,-147.488,-665.645,1
-32.846,-146.403,-664.56,1
-31.761,-146.403,-664.56,1
-101.198,-145.318,-664.56,2
-36.1009,-145.318,-664.56,4
-101.198,-142.063,-665.645,2
-41.5257,-143.148,-665.645,1
-113.133,-139.893,-664.56,4
-100.114,-139.893,-665.645,2
-147.852,-138.808,-664.56,2
-100.114,-137.723,-665.645,4
-97.9436,-138.808,-665.645,1
-96.8586,-137.723,-665.645,2
-151.107,-136.638,-665.645,1
-94.6887,-136.638,-664.56,4
-139.172,-129.043,-664.56,4
-146.767,-125.789,-665.645,2
-143.512,-119.279,-665.645,4
-81.6692,-112.769,-665.645,1
-79.4993,-112.769,-665.645,1
-114.218,-109.514,-664.56,4
-97.9436,-109.514,-665.645,1
-96.8586,-109.514,-665.645,1
-94.6887,-109.514,-664.56,4
-91.4338,-100.834,-665.645,2
8.38248,-213.67,-663.475,4
-42.6106,-209.33,-662.39,4
-20.9114,-210.415,-663.475,1
-26.3362,-207.161,-663.475,4
-24.1663,-208.246,-663.475,4
-21.9964,-208.246,-663.475,4
-30.6761,-206.076,-663.475,1
-29.5911,-206.076,-663.475,2
-27.4212,-206.076,-663.475,1
-30.6761,-203.906,-663.475,2
14.8922,-203.906,-662.39,4
-37.1858,-200.651,-663.475,2
-36.1009,-200.651,-663.475,4
-32.846,-201.736,-663.475,2
-30.6761,-201.736,-663.475,4
-38.2708,-199.566,-663.475,4
-30.6761,-199.566,-662.39,2
11.6374,-199.566,-663.475,2
-52.3753,-196.311,-663.475,1
-51.2903,-196.311,-663.475,4
-49.1204,-196.311,-663.475,1
-45.8655,-196.311,-662.39,1
-43.6956,-196.311,-663.475,2
-42.6106,-196.311,-663.475,1
-40.4407,-196.311,-662.39,1
-38.2708,-196.311,-662.39,4
-30.6761,-196.311,-662.39,2
-80.5842,-195.226,-663.475,4
-78.4143,-193.056,-662.39,1
-106.623,-190.886,-662.39,1
-78.4143,-189.801,-662.39,1
-76.2444,-187.631,-662.39,1
-133.747,-183.291,-663.475,2
-106.623,-184.376,-662.39,2
-14.4017,-184.376,-662.39,4
-74.0745,-181.122,-662.39,1
-72.9895,-182.206,-662.39,1
-70.8196,-178.952,-662.39,2
-104.453,-172.442,-663.475,4
-63.2249,-172.442,-662.39,4
-49.1204,-165.932,-662.39,2
-45.8655,-165.932,-662.39,1
-44.7806,-165.932,-662.39,1
-25.2513,-167.017,-662.39,1
-20.9114,-165.932,-663.475,1
-54.5452,-164.847,-662.39,1
-24.1663,-158.337,-662.39,1
-31.761,-156.167,-662.39,2
-130.492,-153.998,-662.39,4
-61.055,-151.828,-663.475,1
-31.761,-146.403,-662.39,1
-108.793,-144.233,-663.475,1
-107.708,-144.233,-663.475,2
-105.538,-145.318,-662.39,2
-103.368,-145.318,-663.475,1
-46.9505,-144.233,-662.39,2
-37.1858,-144.233,-662.39,4
-101.198,-142.063,-663.475,4
-43.6956,-142.063,-662.39,1
-41.5257,-142.063,-663.475,1
-151.107,-139.893,-663.475,1
-114.218,-139.893,-663.475,4
-112.048,-140.978,-662.39,4
-100.114,-139.893,-663.475,2
-147.852,-138.808,-663.475,2
-97.9436,-137.723,-663.475,4
-96.8586,-137.723,-663.475,2
-93.6038,-137.723,-663.475,1
-92.5188,-137.723,-662.39,1
-114.218,-133.383,-663.475,2
-116.388,-131.213,-662.39,2
-139.172,-129.043,-663.475,4
-91.4338,-113.854,-662.39,2
-90.3489,-114.939,-662.39,1
-76.2444,-113.854,-662.39,2
-76.2444,-112.769,-662.39,1
-108.793,-110.599,-662.39,4
-92.5188,-97.5796,-663.475,1
-91.4338,-94.3247,-662.39,2
-23.0814,-214.755,-660.22,4
-23.0814,-211.5,-660.22,4
-41.5257,-207.161,-660.22,2
-30.6761,-204.991,-660.22,1
35.5065,-204.991,-660.22,1
13.8073,-201.736,-660.22,4
-50.2054,-196.311,-661.305,1
-48.0354,-197.396,-661.305,1
-46.9505,-196.311,-661.305,1
-43.6956,-196.311,-661.305,1
-32.846,-197.396,-661.305,2
-30.6761,-196.311,-660.22,2
-29.5911,-196.311,-661.305,1
-105.538,-194.141,-660.22,4
-80.5842,-194.141,-660.22,2
-54.5452,-194.141,-661.305,1
-52.3753,-194.141,-661.305,4
-50.2054,-195.226,-661.305,1
-42.6106,-194.141,-661.305,1
-39.3558,-194.141,-661.305,4
-38.2708,-195.226,-660.22,2
-35.0159,-194.141,-661.305,2
-33.931,-194.141,-661.305,2
12.7223,-194.141,-660.22,4
-79.4993,-193.056,-661.305,2
-59.97,-191.971,-660.22,1
-56.7151,-191.971,-661.305,2
-55.6302,-191.971,-661.305,1
-38.2708,-191.971,-660.22,1
-106.623,-189.801,-661.305,2
-78.4143,-190.886,-661.305,1
-36.1009,-189.801,-660.22,2
-106.623,-188.716,-661.305,1
-76.2444,-187.631,-660.22,4
-32.846,-187.631,-660.22,4
-31.761,-187.631,-660.22,1
-106.623,-185.461,-660.22,1
-74.0745,-186.546,-660.22,4
-74.0745,-184.376,-660.22,4
-71.9046,-181.122,-660.22,2
-70.8196,-178.952,-660.22,1
-104.453,-172.442,-660.22,1
-46.9505,-173.527,-660.22,1
-42.6106,-165.932,-661.305,1
-54.5452,-164.847,-661.305,4
-41.5257,-164.847,-660.22,1
-126.153,-157.252,-660.22,1
-126.153,-156.167,-661.305,2
-130.492,-153.998,-661.305,4
-128.322,-152.913,-661.305,4
-126.153,-152.913,-660.22,2
-126.153,-151.828,-660.22,2
-125.068,-149.658,-660.22,4
-61.055,-149.658,-661.305,1
-77.3294,-146.403,-660.22,4
-31.761,-146.403,-661.305,1
-103.368,-144.233,-660.22,1
-30.6761,-144.233,-660.22,1
-45.8655,-143.148,-661.305,1
-43.6956,-142.063,-661.305,1
-150.022,-140.978,-660.22,1
-142.427,-139.893,-661.305,1
-112.048,-140.978,-661.305,1
-145.682,-138.808,-661.305,4
-143.512,-137.723,-660.22,2
-93.6038,-138.808,-660.22,2
-92.5188,-137.723,-661.305,1
-90.3489,-138.808,-660.22,1
-88.179,-137.723,-660.22,1
-144.597,-120.364,-660.22,4
-84.9241,-120.364,-660.22,2
-82.7542,-120.364,-660.22,2
-80.5842,-121.449,-660.22,2
-79.4993,-121.449,-660.22,2
-84.9241,-119.279,-660.22,2
-86.009,-116.024,-660.22,1
-90.3489,-114.939,-661.305,2
-88.179,-114.939,-660.22,1
-86.009,-114.939,-660.22,2
-76.2444,-112.769,-661.305,1
-108.793,-110.599,-660.22,4
-91.4338,-94.3247,-661.305,1
-90.3489,-92.1548,-660.22,1
-87.094,-89.9849,-660.22,4
-23.0814,-214.755,-659.135,4
-23.0814,-211.5,-659.135,4
-115.303,-209.33,-659.135,1
-30.6761,-204.991,-659.135,2
35.5065,-204.991,-659.135,1
36.5914,-203.906,-659.135,4
-30.6761,-196.311,-659.135,2
-105.538,-194.141,-659.135,4
-30.6761,-194.141,-658.05,1
11.6374,-195.226,-658.05,2
-79.4993,-193.056,-659.135,1
-61.055,-191.971,-659.135,1
-59.97,-191.971,-659.135,1
-42.6106,-193.056,-659.135,2
-40.4407,-191.971,-659.135,2
-38.2708,-191.971,-659.135,1
-36.1009,-191.971,-658.05,2
-33.931,-193.056,-658.05,2
-30.6761,-193.056,-658.05,4
-78.4143,-190.886,-659.135,1
-56.7151,-190.886,-659.135,2
-31.761,-189.801,-658.05,1
-76.2444,-187.631,-659.135,1
-31.761,-187.631,-659.135,1
-76.2444,-186.546,-659.135,4
-75.1594,-185.461,-659.135,1
-31.761,-185.461,-659.135,1
-106.623,-184.376,-659.135,2
-105.538,-183.291,-659.135,2
-74.0745,-184.376,-658.05,4
-71.9046,-181.122,-659.135,4
-69.7346,-181.122,-658.05,1
-69.7346,-178.952,-659.135,1
-68.6497,-178.952,-658.05,1
-66.4798,-176.782,-658.05,2
-63.2249,-175.697,-658.05,2
-44.7806,-175.697,-659.135,1
-104.453,-172.442,-658.05,1
-103.368,-172.442,-658.05,4
-62.1399,-173.527,-658.05,2
-44.7806,-172.442,-659.135,1
-88.179,-169.187,-659.135,4
-42.6106,-165.932,-659.135,1
-54.5452,-164.847,-659.135,4
-41.5257,-164.847,-659.135,2
-126.153,-152.913,-659.135,2
-126.153,-151.828,-659.135,4
-126.153,-149.658,-659.135,4
-125.068,-149.658,-658.05,4
-61.055,-148.573,-659.135,4
-59.97,-148.573,-659.135,4
-123.983,-147.488,-658.05,1
-122.898,-147.488,-658.05,1
-77.3294,-146.403,-659.135,4
-119.643,-145.318,-658.05,4
-117.473,-144.233,-658.05,1
-31.761,-145.318,-658.05,2
-118.558,-143.148,-658.05,4
-116.388,-142.063,-658.05,4
-113.133,-142.063,-658.05,1
-112.048,-142.063,-658.05,2
-108.793,-142.063,-658.05,2
-106.623,-143.148,-659.135,1
-104.453,-142.063,-658.05,4
-103.368,-143.148,-658.05,4
-45.8655,-143.148,-659.135,2
-43.6956,-142.063,-659.135,1
-102.283,-139.893,-658.05,4
-101.198,-139.893,-658.05,1
-99.0286,-139.893,-658.05,4
-95.7737,-139.893,-658.05,4
-143.512,-137.723,-659.135,1
-93.6038,-138.808,-659.135,2
-91.4338,-138.808,-659.135,1
-90.3489,-138.808,-659.135,1
-87.094,-138.808,-658.05,1
-86.009,-138.808,-659.135,1
-82.7542,-138.808,-658.05,1
-81.6692,-137.723,-658.05,1
-78.4143,-137.723,-658.05,1
-81.6692,-122.534,-658.05,2
-80.5842,-120.364,-658.05,1
-81.6692,-119.279,-658.05,1
-108.793,-110.599,-659.135,4
-91.4338,-94.3247,-659.135,2
-90.3489,-92.1548,-659.135,2
-89.2639,-89.9849,-659.135,1
-29.5911,-202.821,-656.965,1
-51.2903,-201.736,-656.965,4
-83.8391,-197.396,-655.88,4
-67.5647,-196.311,-655.88,4
-66.4798,-196.311,-655.88,2
10.5524,-196.311,-656.965,4
-64.3098,-195.226,-655.88,4
10.5524,-194.141,-656.965,2
-62.1399,-191.971,-656.965,1
-39.3558,-188.716,-656.965,1
-38.2708,-187.631,-656.965,1
-36.1009,-188.716,-656.965,2
-33.931,-187.631,-656.965,2
-39.3558,-185.461,-656.965,1
-30.6761,-186.546,-655.88,2
-28.5062,-185.461,-656.965,4
-26.3362,-185.461,-656.965,1
-11.1468,-186.546,-656.965,4
-81.6692,-184.376,-655.88,2
-78.4143,-184.376,-655.88,4
-77.3294,-183.291,-655.88,4
-75.1594,-183.291,-655.88,2
-40.4407,-183.291,-656.965,1
-28.5062,-184.376,-656.965,2
-25.2513,-183.291,-656.965,1
-72.9895,-182.206,-656.965,1
-69.7346,-181.122,-656.965,1
-29.5911,-182.206,-655.88,4
-69.7346,-180.037,-655.88,1
-67.5647,-178.952,-655.88,1
-29.5911,-180.037,-655.88,1
-65.3948,-176.782,-655.88,1
-64.3098,-177.867,-655.88,1
-61.055,-174.612,-655.88,1
-104.453,-172.442,-656.965,1
-103.368,-172.442,-656.965,4
-25.2513,-172.442,-655.88,4
-58.885,-149.658,-655.88,1
-123.983,-147.488,-655.88,1
-121.813,-147.488,-655.88,1
-120.728,-146.403,-655.88,1
-120.728,-145.318,-655.88,4
-117.473,-144.233,-655.88,2
-115.303,-144.233,-655.88,2
-116.388,-142.063,-655.88,4
-113.133,-142.063,-655.88,4
-110.963,-142.063,-655.88,1
-108.793,-142.063,-655.88,1
-106.623,-142.063,-655.88,4
-104.453,-142.063,-655.88,2
-103.368,-143.148,-655.88,4
-100.114,-140.978,-655.88,1
-99.0286,-139.893,-655.88,4
-95.7737,-139.893,-656.965,1
-93.6038,-138.808,-656.965,2
-91.4338,-138.808,-656.965,2
-89.2639,-137.723,-656.965,1
-87.094,-138.808,-656.965,4
-84.9241,-137.723,-655.88,4
-82.7542,-138.808,-655.88,1
-81.6692,-138.808,-655.88,1
-79.4993,-137.723,-655.88,1
-77.3294,-138.808,-655.88,4
-147.852,-133.383,-656.965,1
-143.512,-123.619,-655.88,4
-84.9241,-118.194,-656.965,1
-82.7542,-119.279,-656.965,1
-81.6692,-118.194,-655.88,4
-87.094,-116.024,-656.965,1
-84.9241,-117.109,-656.965,1
-89.2639,-113.854,-656.965,1
-87.094,-113.854,-656.965,2
-91.4338,-111.684,-656.965,2
-89.2639,-112.769,-656.965,4
-109.878,-110.599,-656.965,4
-91.4338,-110.599,-656.965,4
-93.6038,-107.344,-656.965,4
-91.4338,-108.429,-655.88,1
-95.7737,-105.174,-655.88,4
-93.6038,-106.259,-655.88,1
-95.7737,-103.004,-655.88,4
-95.7737,-101.919,-655.88,1
-91.4338,-93.2398,-656.965,2
-83.8391,-202.821,-653.71,1
-28.5062,-203.906,-653.71,1
-27.4212,-203.906,-653.71,4
-83.8391,-200.651,-653.71,2
-41.5257,-201.736,-653.71,4
-40.4407,-200.651,-653.71,4
-68.6497,-194.141,-653.71,1
-66.4798,-195.226,-654.795,4
6.21256,-191.971,-653.71,1
-38.2708,-188.716,-654.795,2
-35.0159,-187.631,-654.795,1
-33.931,-187.631,-654.795,4
-30.6761,-187.631,-654.795,4
-87.094,-186.546,-653.71,2
-86.009,-186.546,-653.71,4
-82.7542,-185.461,-653.71,1
-81.6692,-185.461,-653.71,4
-30.6761,-186.546,-654.795,4
-29.5911,-185.461,-654.795,4
-26.3362,-185.461,-654.795,4
-24.1663,-186.546,-653.71,1
-21.9964,-185.461,-653.71,1
-20.9114,-185.461,-653.71,2
-79.4993,-184.376,-653.71,1
-76.2444,-183.291,-653.71,1
-75.1594,-183.291,-654.795,1
-72.9895,-184.376,-654.795,2
-30.6761,-183.291,-654.795,1
-26.3362,-184.376,-654.795,4
-18.7415,-184.376,-653.71,1
-16.5716,-183.291,-653.71,2
-13.3167,-184.376,-653.71,1
-71.9046,-181.122,-654.795,4
-69.7346,-181.122,-654.795,1
-30.6761,-182.206,-654.795,2
-29.5911,-182.206,-654.795,2
-67.5647,-178.952,-654.795,1
-65.3948,-176.782,-654.795,1
-64.3098,-177.867,-653.71,1
-61.055,-174.612,-653.71,2
-58.885,-174.612,-653.71,1
-41.5257,-174.612,-653.71,1
-103.368,-173.527,-653.71,1
-24.1663,-171.357,-654.795,1
-23.0814,-171.357,-654.795,2
-16.5716,-165.932,-654.795,1
-37.1858,-160.507,-653.71,4
-112.048,-150.743,-653.71,4
-58.885,-149.658,-654.795,2
-123.983,-146.403,-653.71,1
-121.813,-147.488,-654.795,1
-119.643,-144.233,-654.795,4
-117.473,-145.318,-654.795,1
-55.6302,-145.318,-653.71,4
-116.388,-142.063,-654.795,4
-114.218,-143.148,-654.795,1
-110.963,-142.063,-654.795,2
-109.878,-142.063,-654.795,2
-106.623,-142.063,-654.795,2
-104.453,-142.063,-654.795,4
-103.368,-143.148,-654.795,4
-79.4993,-139.893,-654.795,1
-76.2444,-139.893,-653.71,1
-94.6887,-138.808,-654.795,1
-91.4338,-138.808,-654.795,2
-89.2639,-137.723,-654.795,4
-87.094,-138.808,-654.795,4
-84.9241,-137.723,-654.795,4
-82.7542,-138.808,-654.795,4
-81.6692,-138.808,-654.795,4
-78.4143,-137.723,-653.71,1
-74.0745,-138.808,-653.71,1
-75.1594,-136.638,-653.71,2
-72.9895,-136.638,-653.71,2
-74.0745,-134.468,-654.795,2
-69.7346,-134.468,-653.71,4
-75.1594,-131.213,-653.71,2
-71.9046,-131.213,-653.71,2
-70.8196,-131.213,-653.71,4
-105.538,-130.128,-653.71,4
-71.9046,-130.128,-653.71,4
-75.1594,-127.958,-653.71,4
-72.9895,-127.958,-653.71,1
-77.3294,-124.704,-654.795,4
-74.0745,-124.704,-654.795,1
-79.4993,-123.619,-654.795,4
-77.3294,-122.534,-654.795,1
-83.8391,-120.364,-654.795,4
-80.5842,-120.364,-654.795,1
-79.4993,-121.449,-654.795,2
-110.963,-110.599,-653.71,4
-109.878,-110.599,-654.795,2
-102.283,-103.004,-653.71,2
-101.198,-103.004,-653.71,2
-99.0286,-103.004,-653.71,1
-95.7737,-103.004,-654.795,4
-97.9436,-91.0698,-653.71,2
-97.9436,-88.8999,-653.71,4
-83.8391,-202.821,-652.625,1
-28.5062,-203.906,-652.625,2
-27.4212,-203.906,-652.625,2
-40.4407,-200.651,-652.625,4
-39.3558,-199.566,-651.54,1
-69.7346,-197.396,-651.54,4
-68.6497,-194.141,-652.625,4
-115.303,-191.971,-652.625,2
-32.846,-191.971,-651.54,4
6.21256,-191.971,-652.625,1
-115.303,-190.886,-652.625,2
-32.846,-189.801,-651.54,2
5.1276,-189.801,-651.54,4
-94.6887,-188.716,-651.54,2
-92.5188,-187.631,-651.54,2
-89.2639,-187.631,-652.625,2
-87.094,-187.631,-652.625,1
-32.846,-187.631,-651.54,4
4.04264,-188.716,-651.54,4
-86.009,-186.546,-652.625,1
-82.7542,-185.461,-652.625,2
-21.9964,-185.461,-652.625,2
-20.9114,-185.461,-652.625,2
-17.6566,-185.461,-652.625,2
-15.4866,-186.546,-651.54,4
-13.3167,-185.461,-652.625,1
-80.5842,-184.376,-652.625,1
-12.2318,-184.376,-651.54,1
20.317,-183.291,-651.54,1
13.8073,-182.206,-651.54,4
7.29752,-180.037,-651.54,4
-64.3098,-177.867,-652.625,1
-102.283,-174.612,-652.625,2
-61.055,-174.612,-652.625,1
-58.885,-174.612,-652.625,1
-103.368,-173.527,-652.625,2
-58.885,-172.442,-652.625,1
-57.8001,-172.442,-651.54,1
-55.6302,-173.527,-651.54,1
-37.1858,-160.507,-652.625,2
-110.963,-150.743,-652.625,4
-123.983,-146.403,-652.625,2
-30.6761,-146.403,-652.625,1
-125.068,-145.318,-652.625,2
-103.368,-145.318,-652.625,1
-123.983,-142.063,-652.625,2
-114.218,-143.148,-652.625,2
-100.114,-142.063,-652.625,2
-79.4993,-139.893,-652.625,4
-76.2444,-139.893,-651.54,1
-75.1594,-139.893,-651.54,1
-82.7542,-138.808,-652.625,1
-80.5842,-137.723,-652.625,4
-78.4143,-137.723,-652.625,4
-72.9895,-137.723,-651.54,1
-72.9895,-136.638,-651.54,1
-72.9895,-134.468,-651.54,1
-71.9046,-131.213,-651.54,4
-72.9895,-116.024,-652.625,4
-71.9046,-114.939,-652.625,4
-110.963,-110.599,-652.625,1
-104.453,-103.004,-652.625,2
-102.283,-103.004,-652.625,1
-101.198,-103.004,-652.625,2
-96.8586,-97.5796,-652.625,2
-97.9436,-91.0698,-652.625,4
-97.9436,-88.8999,-652.625,4
-40.4407,-200.651,-650.455,4
-39.3558,-198.481,-650.455,4
-68.6497,-197.396,-650.455,4
-39.3558,-196.311,-650.455,4
-67.5647,-193.056,-650.455,4
-32.846,-191.971,-650.455,4
-95.7737,-189.801,-650.455,1
-94.6887,-189.801,-650.455,1
-67.5647,-189.801,-650.455,4
-32.846,-189.801,-650.455,2
-92.5188,-187.631,-650.455,1
-89.2639,-188.716,-650.455,2
-88.179,-187.631,-650.455,1
-0.297202,-186.546,-649.37,4
-19.8265,-183.291,-650.455,4
-18.7415,-184.376,-650.455,4
-15.4866,-184.376,-650.455,4
-13.3167,-183.291,-650.455,1
-12.2318,-184.376,-650.455,1
13.8073,-182.206,-650.455,4
7.29752,-180.037,-650.455,2
-102.283,-172.442,-650.455,1
-101.198,-172.442,-650.455,4
-57.8001,-173.527,-650.455,4
-54.5452,-172.442,-650.455,1
-53.4602,-172.442,-650.455,1
-51.2903,-171.357,-649.37,4
-129.407,-150.743,-649.37,4
-100.114,-143.148,-650.455,1
-79.4993,-139.893,-650.455,1
-76.2444,-140.978,-650.455,1
-75.1594,-139.893,-650.455,2
-71.9046,-139.893,-649.37,1
-70.8196,-137.723,-649.37,1
-70.8196,-136.638,-649.37,1
-58.885,-122.534,-650.455,2
-61.055,-119.279,-650.455,1
-71.9046,-116.024,-650.455,1
-62.1399,-117.109,-650.455,1
-62.1399,-113.854,-650.455,1
-104.453,-103.004,-650.455,4
-81.6692,-206.076,-648.285,4
-69.7346,-198.481,-647.2,4
-68.6497,-198.481,-647.2,2
19.2321,-199.566,-648.285,2
-97.9436,-190.886,-647.2,1
-96.8586,-190.886,-647.2,2
-32.846,-189.801,-648.285,2
-115.303,-187.631,-647.2,2
-87.094,-187.631,-648.285,1
-69.7346,-188.716,-647.2,4
-68.6497,-188.716,-647.2,1
-32.846,-188.716,-648.285,2
-33.931,-186.546,-647.2,4
17.0622,-185.461,-648.285,2
-17.6566,-183.291,-648.285,1
-1.38216,-184.376,-648.285,4
18.1471,-184.376,-648.285,2
0.787757,-181.122,-648.285,2
4.04264,-180.037,-648.285,2
5.1276,-178.952,-648.285,4
8.38248,-180.037,-648.285,4
-102.283,-173.527,-648.285,2
-101.198,-173.527,-648.285,2
-54.5452,-172.442,-648.285,4
-53.4602,-172.442,-648.285,1
-51.2903,-171.357,-647.2,4
-132.662,-163.762,-647.2,1
-133.747,-158.337,-647.2,1
-133.747,-156.167,-647.2,4
-30.6761,-149.658,-648.285,4
-97.9436,-143.148,-648.285,1
-96.8586,-143.148,-647.2,4
-94.6887,-142.063,-647.2,4
-74.0745,-140.978,-648.285,1
-71.9046,-139.893,-648.285,1
-70.8196,-139.893,-648.285,1
-67.5647,-137.723,-647.2,2
-65.3948,-138.808,-647.2,1
-55.6302,-131.213,-647.2,1
-55.6302,-130.128,-647.2,1
-92.5188,-126.874,-647.2,4
-69.7346,-117.109,-647.2,1
-68.6497,-117.109,-647.2,4
-64.3098,-110.599,-648.285,2
-105.538,-103.004,-647.2,2
-82.7542,-95.4097,-647.2,2
-20.9114,-207.161,-645.03,1
8.38248,-202.821,-645.03,4
-6.80696,-193.056,-645.03,1
-5.722,-191.971,-645.03,2
-88.179,-189.801,-645.03,4
-87.094,-188.716,-645.03,2
-68.6497,-188.716,-646.115,2
-33.931,-187.631,-646.115,1
-32.846,-186.546,-645.03,1
-33.931,-183.291,-645.03,4
-3.55208,-183.291,-645.03,1
-16.5716,-181.122,-645.03,1
-101.198,-173.527,-646.115,2
-54.5452,-172.442,-646.115,2
-53.4602,-172.442,-646.115,1
-96.8586,-171.357,-645.03,4
-51.2903,-171.357,-646.115,4
-49.1204,-170.272,-646.115,1
-13.3167,-171.357,-645.03,2
-132.662,-163.762,-646.115,1
-133.747,-156.167,-646.115,2
-121.813,-155.082,-645.03,4
-95.7737,-142.063,-645.03,4
-94.6887,-142.063,-646.115,4
-66.4798,-139.893,-645.03,1
-65.3948,-138.808,-646.115,1
-82.7542,-95.4097,-646.115,2
8.38248,-202.821,-643.945,4
-5.722,-195.226,-642.86,2
-5.722,-193.056,-642.86,1
-88.179,-189.801,-643.945,4
-5.722,-189.801,-642.86,1
-87.094,-188.716,-643.945,4
-5.722,-187.631,-642.86,4
-69.7346,-186.546,-642.86,1
-5.722,-186.546,-642.86,4
-32.846,-184.376,-643.945,4
-31.761,-183.291,-643.945,2
-4.63704,-183.291,-643.945,2
-16.5716,-181.122,-643.945,2
-4.63704,-181.122,-643.945,4
-99.0286,-180.037,-643.945,4
-33.931,-180.037,-642.86,1
-4.63704,-180.037,-642.86,1
-106.623,-173.527,-643.945,4
13.8073,-172.442,-643.945,4
-97.9436,-171.357,-643.945,4
-96.8586,-171.357,-643.945,4
-13.3167,-170.272,-642.86,4
-46.9505,-168.102,-643.945,4
-121.813,-155.082,-643.945,4
-120.728,-155.082,-643.945,4
-95.7737,-142.063,-643.945,1
-96.8586,-140.978,-642.86,4
-67.5647,-139.893,-643.945,1
-65.3948,-140.978,-643.945,1
-63.2249,-139.893,-642.86,1
-61.055,-139.893,-643.945,4
-58.885,-139.893,-642.86,1
-57.8001,-139.893,-642.86,1
-54.5452,-139.893,-642.86,2
-117.473,-125.789,-643.945,2
-17.6566,-202.821,-641.776,4
-15.4866,-202.821,-641.776,4
-125.068,-197.396,-640.691,4
-5.722,-195.226,-641.776,2
-5.722,-193.056,-641.776,2
-5.722,-190.886,-641.776,2
-69.7346,-187.631,-640.691,2
-42.6106,-188.716,-640.691,2
-6.80696,-187.631,-641.776,4
-5.722,-187.631,-641.776,4
-69.7346,-186.546,-641.776,2
-6.80696,-186.546,-641.776,4
-6.80696,-184.376,-641.776,2
-97.9436,-182.206,-640.691,1
-6.80696,-181.122,-641.776,2
-33.931,-178.952,-641.776,1
-6.80696,-180.037,-641.776,1
-8.97688,-176.782,-640.691,1
-6.80696,-176.782,-641.776,1
-109.878,-174.612,-640.691,1
-8.97688,-175.697,-640.691,2
-8.97688,-173.527,-640.691,2
-13.3167,-170.272,-641.776,4
-12.2318,-170.272,-641.776,4
-45.8655,-168.102,-641.776,1
-43.6956,-168.102,-641.776,1
-42.6106,-165.932,-641.776,4
-13.3167,-165.932,-641.776,2
-42.6106,-164.847,-640.691,4
-96.8586,-142.063,-641.776,4
-61.055,-142.063,-641.776,1
-59.97,-142.063,-640.691,1
-56.7151,-142.063,-640.691,1
-95.7737,-140.978,-641.776,2
-66.4798,-124.704,-641.776,2
-117.473,-195.226,-638.521,2
-42.6106,-188.716,-639.606,4
-69.7346,-186.546,-639.606,2
-97.9436,-183.291,-638.521,4
-97.9436,-182.206,-639.606,1
28.9967,-180.037,-639.606,4
-33.931,-176.782,-639.606,2
-109.878,-174.612,-639.606,4
-32.846,-174.612,-638.521,2
-8.97688,-175.697,-638.521,1
-32.846,-173.527,-638.521,4
-8.97688,-173.527,-638.521,2
-11.1468,-170.272,-638.521,4
-94.6887,-169.187,-638.521,1
-92.5188,-168.102,-638.521,4
-12.2318,-169.187,-638.521,1
-42.6106,-165.932,-639.606,4
-39.3558,-163.762,-638.521,1
-59.97,-142.063,-639.606,4
-56.7151,-143.148,-638.521,4
-55.6302,-143.148,-638.521,1
-53.4602,-143.148,-638.521,1
-96.8586,-138.808,-638.521,1
-68.6497,-185.461,-637.436,2
-8.97688,-174.612,-637.436,2
-32.846,-173.527,-637.436,2
-10.0618,-173.527,-637.436,2
-31.761,-170.272,-636.351,1
-8.97688,-170.272,-636.351,1
-93.6038,-168.102,-637.436,4
-92.5188,-168.102,-637.436,4
-39.3558,-163.762,-637.436,4
-38.2708,-163.762,-637.436,2
-129.407,-161.592,-637.436,1
-132.662,-155.082,-636.351,2
-135.917,-149.658,-637.436,1
-57.8001,-144.233,-636.351,1
-54.5452,-144.233,-637.436,1
-52.3753,-144.233,-637.436,1
-51.2903,-144.233,-637.436,1
-96.8586,-138.808,-637.436,4
-66.4798,-184.376,-635.266,2
-31.761,-170.272,-635.266,1
-93.6038,-168.102,-635.266,4
-92.5188,-168.102,-635.266,2
-31.761,-169.187,-635.266,4
-12.2318,-168.102,-635.266,2
-30.6761,-167.017,-635.266,4
-57.8001,-144.233,-635.266,2
-54.5452,-144.233,-635.266,2
-52.3753,-144.233,-635.266,2
-61.055,-142.063,-635.266,4
-58.885,-143.148,-635.266,2
-56.7151,-143.148,-635.266,1
-96.8586,-138.808,-635.266,4
-71.9046,-134.468,-634.181,1
-38.2708,-185.461,-632.011,4
-91.4338,-169.187,-633.096,4
-14.4017,-163.762,-633.096,1
-35.0159,-150.743,-633.096,1
-33.931,-151.828,-632.011,4
-57.8001,-144.233,-633.096,2
-54.5452,-145.318,-633.096,2
-52.3753,-145.318,-633.096,1
-74.0745,-133.383,-633.096,4
-78.4143,-126.874,-632.011,4
-14.4017,-161.592,-629.841,1
-27.4212,-158.337,-629.841,4
-32.846,-152.913,-629.841,1
-21.9964,-148.573,-629.841,2
-76.2444,-145.318,-629.841,4
-74.0745,-144.233,-629.841,4
-71.9046,-144.233,-629.841,2
-70.8196,-143.148,-629.841,2
-71.9046,-134.468,-630.926,4
-79.4993,-124.704,-630.926,4
-26.3362,-157.252,-627.671,2
-25.2513,-158.337,-627.671,4
-23.0814,-158.337,-627.671,1
-20.9114,-157.252,-627.671,4
-18.7415,-158.337,-627.671,1
-30.6761,-155.082,-627.671,1
-29.5911,-155.082,-627.671,1
-27.4212,-156.167,-627.671,2
-21.9964,-155.082,-627.671,1
-100.114,-152.913,-628.756,2
-23.0814,-152.913,-627.671,1
-97.9436,-151.828,-628.756,2
-93.6038,-150.743,-628.756,4
-78.4143,-146.403,-627.671,4
-76.2444,-145.318,-628.756,4
-74.0745,-144.233,-628.756,4
-71.9046,-144.233,-628.756,1
-70.8196,-143.148,-628.756,2
-21.9964,-155.082,-626.586,1
-20.9114,-156.167,-625.501,2
-87.094,-149.658,-626.586,4
-84.9241,-149.658,-625.501,4
-83.8391,-148.573,-626.586,4
-81.6692,-147.488,-626.586,1
-78.4143,-146.403,-626.586,4
-77.3294,-146.403,-626.586,4
-26.3362,-156.167,-624.416,2
-25.2513,-156.167,-624.416,1
-21.9964,-156.167,-624.416,4
-19.8265,-155.082,-624.416,2
-17.6566,-152.913,-622.246,2
-19.8265,-152.913,-618.991,1
-17.6566,-152.913,-618.991,1
-15.4866,-150.743,-618.991,1
-19.8265,-156.167,-616.821,1
-17.6566,-152.913,-616.821,4
-17.6566,-150.743,-617.906,2
-15.4866,-150.743,-617.906,2
-13.3167,-151.828,-616.821,4
-18.7415,-152.913,-614.652,4
-15.4866,-150.743,-615.737,1
-13.3167,-150.743,-614.652,2
-17.6566,-150.743,-613.567,2
-15.4866,-150.743,-613.567,2
-13.3167,-148.573,-612.482,4
-12.2318,-149.658,-613.567,1
-20.9114,-152.913,-611.397,4
-17.6566,-151.828,-611.397,4
-16.5716,-151.828,-611.397,1
-17.6566,-150.743,-608.142,4
-15.4866,-149.658,-608.142,2
-13.3167,-148.573,-608.142,2
