FormTypeName = LDA
BinaryData = False
NDims = 16
NBasis = 4
NPCABasis = 3
NLDABasis = 1
Values = 1.07814 5.73683e+06 7035.9 2325.61 791.136 248.798 37.6323 23.5881 11.0665 2.62961 1.04069 0.366434 0.164607 0.00469951 0.00233497 3.18779e-06
Matrix = 3.15794 -0.018842 -1.59585 -0.307409 -1.15782 -0.959917 0.78058 -2.73967 0.315522 1.60919 1.30469 -0.139829 0.135854 0.0534007 0.0448127 0.109134 -0.164834 0.267823 36.7235 -9.61582 19.9918 -23.9412 0.0692865 -1.23719 3.199 1.83685 -1.74389 -0.293345 -0.325308 -0.0289508 -0.0150475 -0.000215713 0.184795 0.481887 36.4929 23.8214 6.2794 11.1164 6.17355 8.79238 1.73597 -3.09086 -0.791189 0.347327 -0.162348 0.222496 0.27727 -0.00018628 -0.148171 0.381411 21.8274 32.5825 -9.21963 13.9318 16.0376 -12.9297 3.74339 -0.41537 -0.737276 -0.0543305 0.412449 -0.000703329 0.000920188 -0.00679936 -0.500336 -0.000564441 -0.00586733 -0.46161 0.650252 0.560005 -0.917895 1.73803 -0.172441 1.97426 2.66265 -0.10501 0.230781 -0.238672 -0.279094 0.000255713 -7.44414 -0.0118761 -0.366483 0.537157 0.647341 -0.234154 -0.0691866 -0.0609387 0.0188748 0.00147941 0.0070606 0.152502 -0.00684148 -0.0620078 0.0792193 -0.0344107 -0.138544 0.66518 20.4959 -29.8451 -36.0647 13.3184 2.87762 3.0131 -0.148304 1.11641 -0.933636 -0.730897 -0.364953 -0.00960924 -0.00921119 9.45502e-05 0.73963 0.0170921 0.500081 0.587731 -1.1444 -0.0446728 -3.8721 -0.839167 3.00172 -0.378896 0.127068 1.21576 0.034269 -0.273371 0.252379 0.000591396 -0.27013 0.0331139 0.96523 2.17747 -2.54869 -0.57695 -10.3246 -2.18922 7.86749 -1.94692 0.860067 -1.97769 0.130103 -0.000371043 0.0292396 2.45953e-05 -1.45835 -33.5918 0.475038 -0.0611436 -0.237319 0.178057 -0.00789274 -0.000286021 -0.0325532 0.0620201 -0.0406832 0.292501 0.0577938 0.31094 -0.269864 -0.000286098 -0.0204096 2400.36 -34.0531 3.51837 17.9015 -11.6899 2.45213 0.239002 1.25569 -0.115101 -0.0257122 -0.179267 0.0647112 0.0014306 0.00255213 -0.00098796 3.31608 0.000261489 -0.0190925 0.016368 0.0016354 0.0121429 0.0115147 0.0512413 0.0997236 0.226824 -0.159851 -0.0420976 -0.466793 0.0375509 -0.101738 -0.0752647 0.533459 0.0130846 0.631663 -0.180056 0.190144 0.389463 -1.49359 -1.95267 -3.32763 -3.18339 2.72311 0.838162 0.715066 0.0364961 0.0224252 0.000212494 -0.381427 0.0226481 1.23412 -5.0065 7.8736 10.6769 -2.75423 -8.57832 -1.72396 -0.518503 -0.0609505 -0.767428 -1.38404 -0.0236825 -0.359691 0.000330609 -0.168397 0.0149047 -0.104511 13.3382 -18.8983 -23.4651 -3.93964 13.1655 -12.0681 1.86003 -0.120923 1.89277 -0.65732 -0.00639526 -0.0183163 0.00347968 0.437645 0.0118204 0.411004 0.864715 -0.654168 -0.288075 -2.1907 -0.421742 -2.83817 2.4504 -2.19918 -0.590564 1.21445 0.00364128 0.367149 -0.00035825
InputWhitenMeans = 138.657 0.194139 0.4713 0.55774 0.410635 138.657 0.185895 0.47045 0.682123 0.412479 0.227129 138.545 0.249685 0.5322 0.637505 0.457477
InputWhitenStdDevs = 20.3216 0.32262 0.499182 1.81339 0.445287 19.9912 0.316391 0.499132 1.78133 0.447584 0.079134 20.3359 0.355653 0.498968 1.73739 0.441901
OutputWhitenMeans = -0.0753368 26.815 6.51445 -2.98115
OutputWhitenStdDevs = 3.03013 117.754 24.7112 13.8892
NRidgeSeedScales = 2
RidgeSeedScales = 0.18 0.36
UseIntensityOnly = False
UseFeatureMath = False
PDFFileName = EnhanceTubesUsingDiscriminantAnalysisTest2.mrs.mpd
RidgeId = 255
BackgroundId = 127
UnknownId = 0
SeedTolerance = 1
Skeletonize = False
