ObjectType = Scene
NDims = 3
NObjects = 2
ObjectType = Group
NDims = 3
BinaryData = False
TransformMatrix = 1 0 0 0 1 0 0 0 1
Offset = 0 0 0
CenterOfRotation = 0 0 0
ElementSpacing = 1 1 1
EndGroup = 
ObjectType = Tube
NDims = 3
ID = 0
Color = 1 0 0 1
BinaryData = False
TransformMatrix = 1 0 0 0 1 0 0 0 1
Offset = 0 0 0
CenterOfRotation = 0 0 0
ElementSpacing = 1 1 1
Root = False
Artery = True
PointDim = id x y z red green blue alpha mark r rn mn bn cv lv ro in tx ty tz v1x v1y v1z v2x v2y v2z a1 a2 a3
NPoints = 193
Points = 
0 64.8243 113.557 77.1401 1 0 0 1 0 0 0 0 0 0 0 0 0 -0.951299 -0.0141383 0.307945 -0.0148604 0.99989 0 -0.307911 -0.00457619 -0.951404 0 0 0 
1 63.2446 113.584 77.7528 1 0 0 1 0 0 0 0 0 0 0 0 0 -0.951299 -0.0141383 0.307945 -0.162017 0.872787 -0.460428 -0.262261 -0.487897 -0.832572 0 0 0 
2 61.6575 113.51 78.1652 1 0 0 1 0 0 0 0 0 0 0 0 0 -0.971849 -0.0602471 0.227772 -0.188862 0.77719 -0.600255 -0.140859 -0.626375 -0.76669 0 0 0 
3 60.0614 113.387 78.4989 1 0 0 1 0 0 0 0 0 0 0 0 0 -0.977515 -0.0904094 0.190502 -0.20881 0.28914 -0.934236 0.0293819 -0.953008 -0.301517 0 0 0 
4 58.4725 113.216 78.7859 1 0 0 1 0 0 0 0 0 0 0 0 0 -0.97582 -0.124707 0.179508 -0.170105 -0.0824353 -0.981972 0.137257 -0.988763 0.0592287 0 0 0 
5 56.8995 112.983 79.0805 1 0 0 1 0 0 0 0 0 0 0 0 0 -0.969548 -0.164163 0.181734 -0.23536 0.419472 -0.876726 0.0676938 -0.892801 -0.445335 0 0 0 
6 55.3297 112.684 79.375 1 0 0 1 0 0 0 0 0 0 0 0 0 -0.967306 -0.188784 0.169352 -0.231947 0.388473 -0.89179 0.102567 -0.901914 -0.41956 0 0 0 
7 53.7617 112.371 79.6299 1 0 0 1 0 0 0 0 0 0 0 0 0 -0.964366 -0.211792 0.158565 -0.106105 -0.23942 -0.965101 0.242365 -0.947535 0.208417 0 0 0 
8 52.2274 112.002 79.8851 1 0 0 1 0 0 0 0 0 0 0 0 0 -0.954028 -0.249095 0.166682 -0.105494 -0.241462 -0.964659 0.280539 -0.937895 0.204084 0 0 0 
9 50.7178 111.576 80.1617 1 0 0 1 0 0 0 0 0 0 0 0 0 -0.946098 -0.27435 0.172137 -0.218252 0.147355 -0.964703 0.239301 -0.950273 -0.19929 0 0 0 
10 49.2179 111.13 80.4327 1 0 0 1 0 0 0 0 0 0 0 0 0 -0.940004 -0.297359 0.167243 -0.16983 -0.01731 -0.985321 0.295889 -0.954609 -0.0342291 0 0 0 
11 47.7376 110.633 80.6919 1 0 0 1 0 0 0 0 0 0 0 0 0 -0.931325 -0.324045 0.166216 -0.0448955 -0.350766 -0.935386 0.361411 -0.878611 0.312129 0 0 0 
12 46.2774 110.106 80.9575 1 0 0 1 0 0 0 0 0 0 0 0 0 -0.920323 -0.349679 0.175301 -0.16221 -0.0666306 -0.984504 0.355941 -0.934497 0.00460034 0 0 0 
13 44.8388 109.532 81.2441 1 0 0 1 0 0 0 0 0 0 0 0 0 -0.909626 -0.376603 0.175361 -0.255203 0.17349 -0.951195 0.327799 -0.909984 -0.253922 0 0 0 
14 43.4138 108.921 81.5095 1 0 0 1 0 0 0 0 0 0 0 0 0 -0.899858 -0.402527 0.168012 -0.0871221 -0.211557 -0.973475 0.427394 -0.890626 0.155303 0 0 0 
15 42.0204 108.271 81.7703 1 0 0 1 0 0 0 0 0 0 0 0 0 -0.886106 -0.430078 0.172768 -0.0339367 -0.311555 -0.949622 0.462238 -0.847329 0.261476 0 0 0 
16 40.6571 107.583 82.047 1 0 0 1 0 0 0 0 0 0 0 0 0 -0.872022 -0.454993 0.180439 -0.246322 0.0893729 -0.965058 0.422969 -0.885999 -0.19001 0 0 0 
17 39.3196 106.862 82.3292 1 0 0 1 0 0 0 0 0 0 0 0 0 -0.860257 -0.478803 0.175231 -0.256482 0.109353 -0.960343 0.440653 -0.871085 -0.216876 0 0 0 
18 38.0097 106.109 82.5863 1 0 0 1 0 0 0 0 0 0 0 0 0 -0.847189 -0.503728 0.168903 -0.0427636 -0.252226 -0.966723 0.529568 -0.82622 0.192142 0 0 0 
19 36.7325 105.323 82.8449 1 0 0 1 0 0 0 0 0 0 0 0 0 -0.831098 -0.528029 0.174531 -0.0948693 -0.17462 -0.980055 0.547974 -0.831079 0.095033 0 0 0 
20 35.4829 104.504 83.1169 1 0 0 1 0 0 0 0 0 0 0 0 0 -0.815188 -0.551436 0.177162 -0.302007 0.143685 -0.942415 0.494226 -0.82175 -0.283668 0 0 0 
21 34.2566 103.649 83.383 1 0 0 1 0 0 0 0 0 0 0 0 0 -0.799815 -0.576118 0.168472 -0.239679 0.049204 -0.969605 0.550317 -0.815884 -0.177438 0 0 0 
22 33.0631 102.761 83.6266 1 0 0 1 0 0 0 0 0 0 0 0 0 -0.782408 -0.601083 0.162902 -0.0142567 -0.244222 -0.969614 0.622603 -0.760956 0.182512 0 0 0 
23 31.9092 101.845 83.8718 1 0 0 1 0 0 0 0 0 0 0 0 0 -0.762536 -0.624608 0.168535 -0.0785935 -0.169143 -0.982453 0.642154 -0.762402 0.0798872 0 0 0 
24 30.7933 100.902 84.1283 1 0 0 1 0 0 0 0 0 0 0 0 0 -0.742993 -0.647126 0.170849 -0.273997 0.0611941 -0.959782 0.610645 -0.759923 -0.222778 0 0 0 
25 29.7083 99.9283 84.3779 1 0 0 1 0 0 0 0 0 0 0 0 0 -0.725258 -0.668556 0.16442 -0.16587 -0.0621066 -0.98419 0.668197 -0.741064 -0.0658502 0 0 0 
26 28.6559 98.9315 84.6129 1 0 0 1 0 0 0 0 0 0 0 0 0 -0.707417 -0.687832 0.16263 0.0896983 -0.315602 -0.944643 0.701081 -0.653669 0.28496 0 0 0 
27 27.6378 97.9151 84.8539 1 0 0 1 0 0 0 0 0 0 0 0 0 -0.688129 -0.705319 0.170304 0.0335726 -0.26541 -0.963551 0.724811 -0.65733 0.206315 0 0 0 
28 26.6545 96.8801 85.1082 1 0 0 1 0 0 0 0 0 0 0 0 0 -0.668425 -0.722709 0.17578 -0.231853 -0.0220972 -0.9725 0.706719 -0.690799 -0.152792 0 0 0 
29 25.7045 95.8248 85.3623 1 0 0 1 0 0 0 0 0 0 0 0 0 -0.648556 -0.741601 0.171472 -0.192905 -0.0577802 -0.979515 0.736317 -0.668348 -0.105585 0 0 0 
30 24.7919 94.7503 85.6006 1 0 0 1 0 0 0 0 0 0 0 0 0 -0.626539 -0.761007 0.168281 0.0414998 -0.248181 -0.967824 0.778285 -0.599396 0.187077 0 0 0 
31 23.9205 93.6579 85.8414 1 0 0 1 0 0 0 0 0 0 0 0 0 -0.601732 -0.779495 0.174086 -0.00718579 -0.21267 -0.977098 0.798666 -0.589202 0.122369 0 0 0 
32 23.0907 92.5466 86.0928 1 0 0 1 0 0 0 0 0 0 0 0 0 -0.576884 -0.797247 0.177767 -0.244701 -0.0389578 -0.968816 0.779311 -0.602394 -0.172613 0 0 0 
33 22.2975 91.415 86.3415 1 0 0 1 0 0 0 0 0 0 0 0 0 -0.553606 -0.814698 0.172589 -0.200271 -0.0709191 -0.97717 0.808339 -0.575532 -0.123899 0 0 0 
34 21.5443 90.2708 86.5749 1 0 0 1 0 0 0 0 0 0 0 0 0 -0.530257 -0.830828 0.168974 0.0784424 -0.246521 -0.965958 0.844201 -0.498951 0.195892 0 0 0 
35 20.8325 89.1196 86.8084 1 0 0 1 0 0 0 0 0 0 0 0 0 -0.506002 -0.8447 0.174484 0.0509464 -0.231209 -0.971569 0.861026 -0.482727 0.160027 0 0 0 
36 20.1609 87.9614 87.0519 1 0 0 1 0 0 0 0 0 0 0 0 0 -0.481915 -0.857769 0.178857 -0.292507 -0.0349244 -0.955625 0.825953 -0.512847 -0.234073 0 0 0 
37 19.526 86.794 87.2933 1 0 0 1 0 0 0 0 0 0 0 0 0 -0.458623 -0.871779 0.17224 -0.281528 -0.0413009 -0.958664 0.842857 -0.488155 -0.226488 0 0 0 
38 18.9296 85.6209 87.5144 1 0 0 1 0 0 0 0 0 0 0 0 0 -0.434884 -0.885083 0.165842 0.0321317 -0.199304 -0.979411 0.899913 -0.420602 0.115114 0 0 0 
39 18.3716 84.4446 87.7335 1 0 0 1 0 0 0 0 0 0 0 0 0 -0.411673 -0.895574 0.168738 0.133152 -0.242277 -0.961027 0.901552 -0.373161 0.218986 0 0 0 
40 17.8478 83.2674 87.9578 1 0 0 1 0 0 0 0 0 0 0 0 0 -0.387311 -0.905273 0.174559 -0.119007 -0.138662 -0.983163 0.914236 -0.401563 -0.0540284 0 0 0 
41 17.362 82.0848 88.1885 1 0 0 1 0 0 0 0 0 0 0 0 0 -0.36309 -0.915538 0.173075 -0.276358 -0.071575 -0.958386 0.889827 -0.395811 -0.227028 0 0 0 
42 16.9075 80.8966 88.406 1 0 0 1 0 0 0 0 0 0 0 0 0 -0.338259 -0.926169 0.166709 -0.0651674 -0.153672 -0.985971 0.938794 -0.344377 -0.00837515 0 0 0 
43 16.4939 79.7079 88.6164 1 0 0 1 0 0 0 0 0 0 0 0 0 -0.311244 -0.935649 0.166401 0.138685 -0.217942 -0.966058 0.940156 -0.277602 0.197593 0 0 0 
44 16.1172 78.5206 88.8285 1 0 0 1 0 0 0 0 0 0 0 0 0 -0.286113 -0.942705 0.1716 0.088018 -0.204186 -0.974967 0.954145 -0.263847 0.141395 0 0 0 
45 15.7728 77.3322 89.0488 1 0 0 1 0 0 0 0 0 0 0 0 0 -0.251721 -0.951558 0.176559 -0.111018 -0.152839 -0.981996 0.961411 -0.26679 -0.0671674 0 0 0 
46 15.4885 76.144 89.2695 1 0 0 1 0 0 0 0 0 0 0 0 0 -0.209575 -0.962283 0.173464 -0.157327 -0.141906 -0.977298 0.965053 -0.232108 -0.121653 0 0 0 
47 15.2557 74.9579 89.4768 1 0 0 1 0 0 0 0 0 0 0 0 0 -0.175161 -0.969921 0.169033 0.0276419 -0.176464 -0.983919 0.984152 -0.167672 0.0577201 0 0 0 
48 15.061 73.7767 89.6821 1 0 0 1 0 0 0 0 0 0 0 0 0 -0.147438 -0.974249 0.170588 0.155396 -0.193148 -0.968786 0.976788 -0.116327 0.179871 0 0 0 
49 14.8985 72.5974 89.8901 1 0 0 1 0 0 0 0 0 0 0 0 0 -0.121043 -0.977032 0.175377 0.0376084 -0.181063 -0.982752 0.991935 -0.112359 0.0586609 0 0 0 
50 14.7687 71.4173 90.1056 1 0 0 1 0 0 0 0 0 0 0 0 0 -0.0953521 -0.979611 0.176835 -0.251616 -0.148157 -0.95642 0.963118 -0.135691 -0.232359 0 0 0 
51 14.6687 70.2361 90.3164 1 0 0 1 0 0 0 0 0 0 0 0 0 -0.0719485 -0.982616 0.171143 -0.209947 -0.152823 -0.965695 0.975062 -0.105411 -0.195302 0 0 0 
52 14.5958 69.0568 90.5167 1 0 0 1 0 0 0 0 0 0 0 0 0 -0.0508241 -0.984667 0.166875 0.105117 -0.171437 -0.979571 0.99316 -0.0322444 0.112218 0 0 0 
53 14.5471 67.8798 90.7157 1 0 0 1 0 0 0 0 0 0 0 0 0 -0.0299589 -0.985127 0.169195 0.267363 -0.171001 -0.948301 0.96313 0.0168264 0.26851 0 0 0 
54 14.5243 66.705 90.9206 1 0 0 1 0 0 0 0 0 0 0 0 0 -0.00879251 -0.98452 0.175053 0.0165152 -0.175179 -0.984398 0.999825 -0.00576429 0.0177998 0 0 0 
55 14.5261 65.5311 91.1333 1 0 0 1 0 0 0 0 0 0 0 0 0 0.0112576 -0.984437 0.175375 -0.287897 -0.17115 -0.942244 0.957595 -0.0398825 -0.285344 0 0 0 
56 14.5511 64.3565 91.339 1 0 0 1 0 0 0 0 0 0 0 0 0 0.030453 -0.985039 0.169619 -0.10521 -0.171914 -0.979478 0.993984 0.0119824 -0.108872 0 0 0 
57 14.5987 63.1829 91.5377 1 0 0 1 0 0 0 0 0 0 0 0 0 0.0493537 -0.984633 0.167517 0.16422 -0.157439 -0.973779 0.985188 0.0755693 0.153926 0 0 0 
58 14.6686 62.0132 91.7377 1 0 0 1 0 0 0 0 0 0 0 0 0 0.0688861 -0.98294 0.170538 0.229218 -0.150776 -0.961627 0.970934 0.105333 0.214922 0 0 0 
59 14.7623 60.8486 91.9427 1 0 0 1 0 0 0 0 0 0 0 0 0 0.0905686 -0.980341 0.175298 -0.0552819 -0.180699 -0.981984 0.994355 0.079246 -0.0705607 0 0 0 
60 14.8833 59.6893 92.1532 1 0 0 1 0 0 0 0 0 0 0 0 0 0.114221 -0.978176 0.173568 -0.285885 -0.199685 -0.937227 0.951432 0.0574303 -0.302454 0 0 0 
61 15.0326 58.5332 92.3535 1 0 0 1 0 0 0 0 0 0 0 0 0 0.136346 -0.976573 0.166478 -0.105883 -0.18145 -0.977683 0.984987 0.115676 -0.128142 0 0 0 
62 15.206 57.3783 92.5472 1 0 0 1 0 0 0 0 0 0 0 0 0 0.152308 -0.974568 0.164377 0.242675 -0.124349 -0.962105 0.958077 0.186427 0.217564 0 0 0 
63 15.3933 56.2255 92.7428 1 0 0 1 0 0 0 0 0 0 0 0 0 0.167674 -0.971448 0.16785 0.249842 -0.122829 -0.960465 0.953659 0.202981 0.222113 0 0 0 
64 15.6031 55.0772 92.9448 1 0 0 1 0 0 0 0 0 0 0 0 0 0.188934 -0.966672 0.17277 0.0168666 -0.172718 -0.984827 0.981845 0.188982 -0.0163279 0 0 0 
65 15.8416 53.9315 93.1527 1 0 0 1 0 0 0 0 0 0 0 0 0 0.212906 -0.961758 0.172318 -0.147425 -0.205963 -0.967391 0.965887 0.180559 -0.185638 0 0 0 
66 16.1102 52.7866 93.3552 1 0 0 1 0 0 0 0 0 0 0 0 0 0.234079 -0.957558 0.168197 0.0423938 -0.162786 -0.98575 0.971293 0.237874 0.00248974 0 0 0 
67 16.4001 51.6472 93.554 1 0 0 1 0 0 0 0 0 0 0 0 0 0.251824 -0.953042 0.168215 0.223063 -0.111976 -0.968351 0.941715 0.281377 0.18439 0 0 0 
68 16.7107 50.514 93.7563 1 0 0 1 0 0 0 0 0 0 0 0 0 0.271925 -0.9468 0.172123 0.251275 -0.1028 -0.962441 0.928934 0.304962 0.209953 0 0 0 
69 17.049 49.3876 93.9648 1 0 0 1 0 0 0 0 0 0 0 0 0 0.293073 -0.939587 0.176874 -0.0277878 -0.19329 -0.980748 0.955686 0.282516 -0.0827572 0 0 0 
70 17.4112 48.268 94.1791 1 0 0 1 0 0 0 0 0 0 0 0 0 0.312331 -0.933684 0.175165 -0.184164 -0.240403 -0.953043 0.931951 0.265406 -0.247036 0 0 0 
71 17.7957 47.1554 94.3836 1 0 0 1 0 0 0 0 0 0 0 0 0 0.332587 -0.927672 0.169735 0.0562734 -0.160138 -0.985489 0.941392 0.337313 -0.00105668 0 0 0 
72 18.2053 46.0533 94.5843 1 0 0 1 0 0 0 0 0 0 0 0 0 0.353414 -0.919952 0.169669 0.193378 -0.105611 -0.975424 0.915262 0.377538 0.140574 0 0 0 
73 18.6382 44.9624 94.788 1 0 0 1 0 0 0 0 0 0 0 0 0 0.373579 -0.911373 0.172738 0.18607 -0.108809 -0.976493 0.908744 0.396939 0.128931 0 0 0 
74 19.095 43.8827 94.9957 1 0 0 1 0 0 0 0 0 0 0 0 0 0.393705 -0.902316 0.175564 -0.0520523 -0.212566 -0.975759 0.917762 0.375023 -0.130656 0 0 0 
75 19.5756 42.8141 95.206 1 0 0 1 0 0 0 0 0 0 0 0 0 0.41415 -0.893695 0.172595 -0.0971185 -0.231927 -0.967873 0.905012 0.384083 -0.182847 0 0 0 
76 20.0801 41.757 95.4063 1 0 0 1 0 0 0 0 0 0 0 0 0 0.434421 -0.884821 0.168435 0.133869 -0.121498 -0.983523 0.890706 0.449811 0.0656693 0 0 0 
77 20.6063 40.7148 95.6056 1 0 0 1 0 0 0 0 0 0 0 0 0 0.453963 -0.874683 0.169843 0.236508 -0.0654895 -0.96942 0.859058 0.48025 0.17714 0 0 0 
78 21.1555 39.6849 95.8086 1 0 0 1 0 0 0 0 0 0 0 0 0 0.473639 -0.863384 0.173879 0.21074 -0.0805911 -0.974214 0.855135 0.498069 0.143779 0 0 0 
79 21.7283 38.6694 96.0176 1 0 0 1 0 0 0 0 0 0 0 0 0 0.493838 -0.851297 0.177249 -0.0349268 -0.223094 -0.974171 0.868852 0.474892 -0.139905 0 0 0 
80 22.3249 37.669 96.2283 1 0 0 1 0 0 0 0 0 0 0 0 0 0.513928 -0.840012 0.173944 -0.103069 -0.261769 -0.959611 0.851619 0.475243 -0.221109 0 0 0 
81 22.9442 36.682 96.4291 1 0 0 1 0 0 0 0 0 0 0 0 0 0.533784 -0.828621 0.168704 0.0992065 -0.136762 -0.985624 0.839781 0.542847 0.00920293 0 0 0 
82 23.5857 35.7119 96.6268 1 0 0 1 0 0 0 0 0 0 0 0 0 0.552999 -0.815889 0.168872 0.207218 -0.0616343 -0.976351 0.807002 0.574915 0.134983 0 0 0 
83 24.2483 34.7579 96.8273 1 0 0 1 0 0 0 0 0 0 0 0 0 0.571703 -0.802234 0.171979 0.16361 -0.0939317 -0.982043 0.803982 0.589575 0.077552 0 0 0 
84 24.9333 33.8209 97.0322 1 0 0 1 0 0 0 0 0 0 0 0 0 0.591026 -0.787705 0.173809 -0.00797169 -0.221163 -0.975204 0.806613 0.574986 -0.136992 0 0 0 
85 25.6406 32.9023 97.2368 1 0 0 1 0 0 0 0 0 0 0 0 0 0.60986 -0.773944 0.170534 -0.00995753 -0.222649 -0.974848 0.792447 0.592822 -0.143491 0 0 0 
86 26.3669 32.0015 97.4331 1 0 0 1 0 0 0 0 0 0 0 0 0 0.627572 -0.760381 0.167256 0.15612 -0.0875587 -0.98385 0.762745 0.643549 0.063761 0 0 0 
87 27.1116 31.1201 97.6288 1 0 0 1 0 0 0 0 0 0 0 0 0 0.644855 -0.745461 0.16867 0.214811 -0.0350183 -0.976028 0.733497 0.665629 0.137552 0 0 0 
88 27.8751 30.2581 97.8276 1 0 0 1 0 0 0 0 0 0 0 0 0 0.66144 -0.730064 0.171768 0.167148 -0.0797706 -0.982699 0.731135 0.678707 0.0692655 0 0 0 
89 28.6563 29.4151 98.03 1 0 0 1 0 0 0 0 0 0 0 0 0 0.677265 -0.715052 0.173241 0.0184954 -0.218844 -0.975585 0.735506 0.663934 -0.13499 0 0 0 
90 29.4544 28.5907 98.2315 1 0 0 1 0 0 0 0 0 0 0 0 0 0.693145 -0.700402 0.170256 0.0368264 -0.201485 -0.978799 0.719857 0.684719 -0.113865 0 0 0 
91 30.2686 27.786 98.426 1 0 0 1 0 0 0 0 0 0 0 0 0 0.709221 -0.684764 0.167642 0.176199 -0.0580744 -0.98264 0.682612 0.726447 0.0794671 0 0 0 
92 31.0987 27.003 98.6202 1 0 0 1 0 0 0 0 0 0 0 0 0 0.725053 -0.667518 0.169461 0.218128 -0.01081 -0.97586 0.653236 0.744515 0.137767 0 0 0 
93 31.9453 26.2423 98.8179 1 0 0 1 0 0 0 0 0 0 0 0 0 0.74008 -0.649986 0.172626 0.173923 -0.0629711 -0.982744 0.649641 0.757332 0.0664437 0 0 0 
94 32.8062 25.5034 99.0185 1 0 0 1 0 0 0 0 0 0 0 0 0 0.755069 -0.632098 0.174132 0.0734176 -0.182405 -0.980479 0.651521 0.753114 -0.0913211 0 0 0 
95 33.6821 24.7883 99.2184 1 0 0 1 0 0 0 0 0 0 0 0 0 0.770992 -0.61323 0.171814 0.0788425 -0.175804 -0.981263 0.631945 0.770093 -0.087195 0 0 0 
96 34.5729 24.0982 99.4122 1 0 0 1 0 0 0 0 0 0 0 0 0 0.786397 -0.593982 0.169604 0.165465 -0.0619786 -0.984266 0.595148 0.802088 0.0495433 0 0 0 
97 35.4773 23.4324 99.6056 1 0 0 1 0 0 0 0 0 0 0 0 0 0.799928 -0.575305 0.170702 0.196362 -0.0178613 -0.980369 0.56706 0.817744 0.0986803 0 0 0 
98 36.3927 22.7894 99.8005 1 0 0 1 0 0 0 0 0 0 0 0 0 0.812678 -0.556467 0.172913 0.191103 -0.0258102 -0.981231 0.550486 0.830469 0.0853669 0 0 0 
99 37.3205 22.1703 99.9978 1 0 0 1 0 0 0 0 0 0 0 0 0 0.825313 -0.53692 0.174859 0.102553 -0.161993 -0.981449 0.555285 0.827934 -0.078632 0 0 0 
100 38.2585 21.5756 100.196 1 0 0 1 0 0 0 0 0 0 0 0 0 0.837773 -0.517881 0.173019 0.0866989 -0.186684 -0.978587 0.539091 0.834835 -0.111499 0 0 0 
101 39.2077 21.0037 100.388 1 0 0 1 0 0 0 0 0 0 0 0 0 0.850167 -0.49819 0.170361 0.157713 -0.0677451 -0.985159 0.502337 0.864418 0.0209762 0 0 0 
102 40.1675 20.4569 100.578 1 0 0 1 0 0 0 0 0 0 0 0 0 0.861355 -0.478432 0.170793 0.184937 -0.017814 -0.982589 0.473144 0.877944 0.0731355 0 0 0 
103 41.1357 19.9328 100.77 1 0 0 1 0 0 0 0 0 0 0 0 0 0.872019 -0.458095 0.172431 0.188468 -0.0108781 -0.982019 0.451734 0.888837 0.0768503 0 0 0 
104 42.1142 19.4343 100.963 1 0 0 1 0 0 0 0 0 0 0 0 0 0.882272 -0.437333 0.174169 0.130103 -0.129041 -0.983067 0.452403 0.889993 -0.0569515 0 0 0 
105 43.0979 18.9601 101.157 1 0 0 1 0 0 0 0 0 0 0 0 0 0.892659 -0.416301 0.172783 0.107151 -0.17635 -0.978478 0.437812 0.891961 -0.112813 0 0 0 
106 44.0899 18.5129 101.346 1 0 0 1 0 0 0 0 0 0 0 0 0 0.902762 -0.395093 0.170067 0.163961 -0.0494485 -0.985227 0.397666 0.917309 0.0201397 0 0 0 
107 45.0875 18.0894 101.532 1 0 0 1 0 0 0 0 0 0 0 0 0 0.911835 -0.373484 0.170492 0.189319 0.0140181 -0.981816 0.364302 0.927531 0.0834897 0 0 0 
108 46.0909 17.6933 101.72 1 0 0 1 0 0 0 0 0 0 0 0 0 0.920122 -0.351644 0.172402 0.182378 -0.00483057 -0.983217 0.346575 0.936121 0.0596874 0 0 0 
109 47.0993 17.3206 101.909 1 0 0 1 0 0 0 0 0 0 0 0 0 0.927669 -0.330543 0.173698 0.153334 -0.0869353 -0.984343 0.340468 0.939778 -0.0299637 0 0 0 
110 48.1123 16.973 102.098 1 0 0 1 0 0 0 0 0 0 0 0 0 0.935738 -0.307403 0.172912 0.137855 -0.132484 -0.981552 0.324639 0.942312 -0.081593 0 0 0 
111 49.1311 16.6531 102.284 1 0 0 1 0 0 0 0 0 0 0 0 0 0.943326 -0.284489 0.170885 0.163211 -0.0506505 -0.98529 0.28896 0.95734 -0.00134811 0 0 0 
112 50.1527 16.3577 102.468 1 0 0 1 0 0 0 0 0 0 0 0 0 0.94966 -0.262621 0.17081 0.182844 0.0218993 -0.982898 0.254389 0.96465 0.0688157 0 0 0 
113 51.1775 16.0872 102.652 1 0 0 1 0 0 0 0 0 0 0 0 0 0.955541 -0.23919 0.172426 0.182214 0.0192596 -0.98307 0.231819 0.970782 0.0619872 0 0 0 
114 52.2053 15.8439 102.838 1 0 0 1 0 0 0 0 0 0 0 0 0 0.961821 -0.21113 0.174139 0.17781 -0.0016238 -0.984064 0.208048 0.977457 0.0359792 0 0 0 
115 53.2357 15.6354 103.025 1 0 0 1 0 0 0 0 0 0 0 0 0 0.967918 -0.180121 0.17519 0.165076 -0.0698024 -0.983808 0.189433 0.981165 -0.0378293 0 0 0 
116 54.2679 15.46 103.212 1 0 0 1 0 0 0 0 0 0 0 0 0 0.973016 -0.151522 0.174016 0.165319 -0.0683162 -0.983871 0.160966 0.98609 -0.0414232 0 0 0 
117 55.3011 15.3137 103.394 1 0 0 1 0 0 0 0 0 0 0 0 0 0.976919 -0.125487 0.172864 0.176585 0.0190705 -0.984101 0.120195 0.991912 0.0407894 0 0 0 
118 56.3355 15.1945 103.578 1 0 0 1 0 0 0 0 0 0 0 0 0 0.979604 -0.100798 0.173825 0.178369 0.0379078 -0.983233 0.0925187 0.994184 0.0551139 0 0 0 
119 57.3708 15.1008 103.762 1 0 0 1 0 0 0 0 0 0 0 0 0 0.981526 -0.0771561 0.175085 0.177132 0.0204921 -0.983974 0.0723317 0.996808 0.0337803 0 0 0 
120 58.4062 15.0317 103.947 1 0 0 1 0 0 0 0 0 0 0 0 0 0.982951 -0.0537715 0.175828 0.172416 -0.062643 -0.98303 0.0638735 0.996586 -0.052304 0 0 0 
121 59.4416 14.9875 104.132 1 0 0 1 0 0 0 0 0 0 0 0 0 0.984137 -0.0313933 0.17461 0.171071 -0.0928248 -0.980876 0.0470011 0.995187 -0.0859819 0 0 0 
122 60.4766 14.9656 104.314 1 0 0 1 0 0 0 0 0 0 0 0 0 0.984883 -0.0113717 0.172846 0.172927 0.00656077 -0.984913 0.0100662 0.999914 0.00842807 0 0 0 
123 61.5116 14.9636 104.495 1 0 0 1 0 0 0 0 0 0 0 0 0 0.9849 0.00726582 0.172973 0.171799 0.0824158 -0.981679 -0.0213884 0.996572 0.079923 0 0 0 
124 62.5469 14.9809 104.678 1 0 0 1 0 0 0 0 0 0 0 0 0 0.984343 0.0255145 0.174407 0.171788 0.0826923 -0.981657 -0.0394686 0.996248 0.0770145 0 0 0 
125 63.582 15.0173 104.862 1 0 0 1 0 0 0 0 0 0 0 0 0 0.983508 0.0428352 0.17572 0.176445 -0.0137381 -0.984215 -0.0397449 0.998988 -0.0210696 0 0 0 
126 64.6167 15.0711 105.048 1 0 0 1 0 0 0 0 0 0 0 0 0 0.98274 0.058924 0.175358 0.18181 -0.132543 -0.97436 -0.0341707 0.989424 -0.140968 0 0 0 
127 65.6522 15.1414 105.232 1 0 0 1 0 0 0 0 0 0 0 0 0 0.982116 0.073782 0.17322 0.178555 -0.0731456 -0.981207 -0.0597252 0.994588 -0.0850116 0 0 0 
128 66.6888 15.2267 105.413 1 0 0 1 0 0 0 0 0 0 0 0 0 0.981131 0.0884046 0.171951 0.167263 0.0580103 -0.984204 -0.0969831 0.994394 0.0421289 0 0 0 
129 67.7254 15.3282 105.595 1 0 0 1 0 0 0 0 0 0 0 0 0 0.979418 0.104617 0.172615 0.166329 0.0661637 -0.983848 -0.114348 0.992309 0.047401 0 0 0 
130 68.7618 15.4482 105.778 1 0 0 1 0 0 0 0 0 0 0 0 0 0.97721 0.122397 0.173438 0.169912 0.0387624 -0.984697 -0.127246 0.991724 0.0170824 0 0 0 
131 69.7966 15.5876 105.963 1 0 0 1 0 0 0 0 0 0 0 0 0 0.974642 0.141034 0.173728 0.182605 -0.0525483 -0.981781 -0.129336 0.988609 -0.0769693 0 0 0 
132 70.8297 15.7474 106.147 1 0 0 1 0 0 0 0 0 0 0 0 0 0.971966 0.160082 0.172211 0.182288 -0.0504443 -0.98195 -0.148505 0.985814 -0.0782111 0 0 0 
133 71.8613 15.9276 106.328 1 0 0 1 0 0 0 0 0 0 0 0 0 0.968914 0.179102 0.170668 0.166241 0.0395528 -0.985292 -0.183218 0.983035 0.00854919 0 0 0 
134 72.8901 16.1283 106.51 1 0 0 1 0 0 0 0 0 0 0 0 0 0.965668 0.195746 0.170788 0.161233 0.0638736 -0.984847 -0.203688 0.978572 0.0301201 0 0 0 
135 73.9165 16.3443 106.692 1 0 0 1 0 0 0 0 0 0 0 0 0 0.962266 0.211466 0.171251 0.158675 0.0751996 -0.984463 -0.221058 0.974488 0.0388076 0 0 0 
136 74.9409 16.5789 106.875 1 0 0 1 0 0 0 0 0 0 0 0 0 0.958014 0.229446 0.171939 0.16515 0.0486193 -0.985069 -0.23438 0.972106 0.00868494 0 0 0 
137 75.9615 16.834 107.059 1 0 0 1 0 0 0 0 0 0 0 0 0 0.953186 0.248648 0.172077 0.176567 0.00430627 -0.984279 -0.24548 0.968584 -0.0397983 0 0 0 
138 76.9772 17.1101 107.243 1 0 0 1 0 0 0 0 0 0 0 0 0 0.948181 0.267624 0.171262 0.171947 0.0210611 -0.984881 -0.267185 0.963293 -0.0260473 0 0 0 
139 77.9887 17.4062 107.425 1 0 0 1 0 0 0 0 0 0 0 0 0 0.943196 0.284992 0.170763 0.154206 0.079734 -0.984816 -0.294281 0.955208 0.0312571 0 0 0 
140 78.9954 17.7199 107.608 1 0 0 1 0 0 0 0 0 0 0 0 0 0.937747 0.302139 0.171298 0.147424 0.100306 -0.983974 -0.314479 0.947972 0.0495186 0 0 0 
141 79.9965 18.0531 107.792 1 0 0 1 0 0 0 0 0 0 0 0 0 0.931383 0.320717 0.172239 0.161002 0.0614469 -0.985039 -0.326502 0.94518 0.00559454 0 0 0 
142 80.9915 18.4073 107.977 1 0 0 1 0 0 0 0 0 0 0 0 0 0.924983 0.338694 0.172314 0.189469 -0.0179835 -0.981722 -0.329405 0.940725 -0.0808063 0 0 0 
143 81.9812 18.7798 108.162 1 0 0 1 0 0 0 0 0 0 0 0 0 0.918449 0.356799 0.170721 0.176417 0.0167848 -0.984172 -0.354018 0.93403 -0.0475296 0 0 0 
144 82.9638 19.1735 108.344 1 0 0 1 0 0 0 0 0 0 0 0 0 0.91095 0.375993 0.169704 0.139937 0.105335 -0.984542 -0.388057 0.920616 0.0433398 0 0 0 
145 83.9391 19.588 108.526 1 0 0 1 0 0 0 0 0 0 0 0 0 0.902802 0.39479 0.170557 0.124567 0.139537 -0.982351 -0.411621 0.908114 0.0767962 0 0 0 
146 84.9063 20.0229 108.711 1 0 0 1 0 0 0 0 0 0 0 0 0 0.893609 0.414503 0.172192 0.131723 0.124558 -0.98343 -0.429082 0.901484 0.0567065 0 0 0 
147 85.8633 20.4805 108.897 1 0 0 1 0 0 0 0 0 0 0 0 0 0.884144 0.433855 0.173375 0.168661 0.0496784 -0.984421 -0.43571 0.899612 -0.0292518 0 0 0 
148 86.8118 20.958 109.084 1 0 0 1 0 0 0 0 0 0 0 0 0 0.874563 0.453114 0.172705 0.167827 0.0513114 -0.98448 -0.454944 0.889974 -0.0311697 0 0 0 
149 87.7492 21.4576 109.27 1 0 0 1 0 0 0 0 0 0 0 0 0 0.864777 0.471776 0.17201 0.129399 0.121615 -0.984107 -0.485197 0.873291 0.0441227 0 0 0 
150 88.6763 21.9751 109.455 1 0 0 1 0 0 0 0 0 0 0 0 0 0.85447 0.489887 0.172893 0.126721 0.126204 -0.983877 -0.503808 0.862603 0.0457588 0 0 0 
151 89.5907 22.5134 109.642 1 0 0 1 0 0 0 0 0 0 0 0 0 0.843697 0.507901 0.173816 0.134096 0.114124 -0.984375 -0.519801 0.853822 0.0281786 0 0 0 
152 90.4938 23.0693 109.83 1 0 0 1 0 0 0 0 0 0 0 0 0 0.832544 0.5258 0.174372 0.151457 0.086726 -0.984652 -0.532852 0.846176 -0.00743304 0 0 0 
153 91.3829 23.6453 110.017 1 0 0 1 0 0 0 0 0 0 0 0 0 0.820678 0.544199 0.174167 0.177901 0.0463052 -0.982958 -0.54299 0.837677 -0.058812 0 0 0 
154 92.2598 24.2403 110.204 1 0 0 1 0 0 0 0 0 0 0 0 0 0.809088 0.561681 0.172893 0.158281 0.0750535 -0.984537 -0.565972 0.823943 -0.0281787 0 0 0 
155 93.1236 24.8537 110.389 1 0 0 1 0 0 0 0 0 0 0 0 0 0.796986 0.578913 0.172261 0.133931 0.108717 -0.985009 -0.588962 0.808109 0.00911204 0 0 0 
156 93.9738 25.4853 110.575 1 0 0 1 0 0 0 0 0 0 0 0 0 0.784468 0.595721 0.172414 0.140942 0.0994843 -0.985007 -0.603942 0.797007 -0.0059196 0 0 0 
157 94.8105 26.1347 110.76 1 0 0 1 0 0 0 0 0 0 0 0 0 0.771602 0.612339 0.172252 0.141489 0.0987922 -0.984998 -0.62017 0.784398 -0.0104109 0 0 0 
158 95.6323 26.8015 110.945 1 0 0 1 0 0 0 0 0 0 0 0 0 0.758308 0.628799 0.171993 0.163059 0.0724922 -0.983949 -0.631174 0.774182 -0.0475601 0 0 0 
159 96.4388 27.4849 111.13 1 0 0 1 0 0 0 0 0 0 0 0 0 0.744949 0.644843 0.170961 0.158756 0.0775477 -0.984268 -0.647956 0.760371 -0.0446037 0 0 0 
160 97.2307 28.1851 111.312 1 0 0 1 0 0 0 0 0 0 0 0 0 0.731012 0.660855 0.169975 0.124218 0.116055 -0.985445 -0.670963 0.741486 0.00274728 0 0 0 
161 98.0059 28.9016 111.494 1 0 0 1 0 0 0 0 0 0 0 0 0 0.716022 0.677063 0.169994 0.118916 0.121657 -0.985423 -0.687874 0.7258 0.00659607 0 0 0 
162 98.7637 29.6347 111.676 1 0 0 1 0 0 0 0 0 0 0 0 0 0.701361 0.692214 0.170095 0.129276 0.111144 -0.98536 -0.700985 0.713082 -0.0115349 0 0 0 
163 99.5061 30.3822 111.858 1 0 0 1 0 0 0 0 0 0 0 0 0 0.686869 0.706661 0.169823 0.142461 0.0982218 -0.984915 -0.712682 0.700701 -0.0332062 0 0 0 
164 100.231 31.1447 112.039 1 0 0 1 0 0 0 0 0 0 0 0 0 0.67106 0.721872 0.169054 0.132352 0.107717 -0.985332 -0.729494 0.683591 -0.0232566 0 0 0 
165 100.938 31.9228 112.219 1 0 0 1 0 0 0 0 0 0 0 0 0 0.654667 0.7369 0.168494 0.134842 0.105483 -0.985237 -0.743794 0.667722 -0.0303085 0 0 0 
166 101.627 32.7156 112.398 1 0 0 1 0 0 0 0 0 0 0 0 0 0.639238 0.750471 0.167836 0.139393 0.101557 -0.985016 -0.75627 0.653054 -0.0396913 0 0 0 
167 102.299 33.5199 112.576 1 0 0 1 0 0 0 0 0 0 0 0 0 0.623885 0.763464 0.167003 0.112721 0.123549 -0.985916 -0.773344 0.633923 -0.00897798 0 0 0 
168 102.952 34.3368 112.753 1 0 0 1 0 0 0 0 0 0 0 0 0 0.607385 0.776704 0.166776 0.128199 0.111352 -0.985477 -0.783995 0.619945 -0.0319394 0 0 0 
169 103.586 35.166 112.929 1 0 0 1 0 0 0 0 0 0 0 0 0 0.591197 0.789241 0.166086 0.16528 0.0830009 -0.982748 -0.78941 0.608449 -0.081376 0 0 0 
170 104.202 36.0055 113.104 1 0 0 1 0 0 0 0 0 0 0 0 0 0.57523 0.801297 0.164419 0.173856 0.0766469 -0.981784 -0.799302 0.593337 -0.0952205 0 0 0 
171 104.799 36.8563 113.276 1 0 0 1 0 0 0 0 0 0 0 0 0 0.559354 0.812843 0.162509 0.165617 0.0825061 -0.982733 -0.812216 0.57661 -0.0884706 0 0 0 
172 105.38 37.7175 113.446 1 0 0 1 0 0 0 0 0 0 0 0 0 0.544207 0.823388 0.160842 0.153586 0.090698 -0.983964 -0.824773 0.560183 -0.0771028 0 0 0 
173 105.944 38.5884 113.614 1 0 0 1 0 0 0 0 0 0 0 0 0 0.528631 0.833758 0.159366 0.170253 0.0797868 -0.982165 -0.831603 0.546336 -0.0997722 0 0 0 
174 106.49 39.4684 113.781 1 0 0 1 0 0 0 0 0 0 0 0 0 0.513569 0.843461 0.157544 0.206624 0.0566352 -0.97678 -0.832798 0.534196 -0.145194 0 0 0 
175 107.02 40.3558 113.944 1 0 0 1 0 0 0 0 0 0 0 0 0 0.498631 0.852856 0.154929 0.419069 -0.0807285 -0.904359 -0.758781 0.515867 -0.397659 0 0 0 
176 107.533 41.2518 114.105 1 0 0 1 0 0 0 0 0 0 0 0 0 0.484702 0.862128 0.147646 0.613701 -0.214924 -0.759723 -0.623246 0.45885 -0.633262 0 0 0 
177 108.031 42.1544 114.252 1 0 0 1 0 0 0 0 0 0 0 0 0 0.471728 0.87142 0.134537 0.642779 -0.235411 -0.728983 -0.603579 0.430359 -0.671181 0 0 0 
178 108.514 43.0639 114.384 1 0 0 1 0 0 0 0 0 0 0 0 0 0.459216 0.880085 0.120706 0.629518 -0.226538 -0.743228 -0.626759 0.417289 -0.65806 0 0 0 
179 108.983 43.9784 114.503 1 0 0 1 0 0 0 0 0 0 0 0 0 0.447147 0.887904 0.108101 0.628561 -0.225935 -0.744221 -0.636373 0.400724 -0.659128 0 0 0 
180 109.437 44.8982 114.608 1 0 0 1 0 0 0 0 0 0 0 0 0 0.435651 0.894955 0.0962505 0.658331 -0.243878 -0.712126 -0.613847 0.373603 -0.695422 0 0 0 
181 109.881 45.8228 114.701 1 0 0 1 0 0 0 0 0 0 0 0 0 0.425493 0.90098 0.0847969 0.647553 -0.23767 -0.724009 -0.632164 0.362971 -0.684559 0 0 0 
182 110.313 46.7526 114.782 1 0 0 1 0 0 0 0 0 0 0 0 0 0.415359 0.906653 0.0738702 0.657399 -0.243056 -0.713267 -0.628732 0.344824 -0.696988 0 0 0 
183 110.735 47.6861 114.853 1 0 0 1 0 0 0 0 0 0 0 0 0 0.40585 0.91174 0.0633728 0.672008 -0.250702 -0.696817 -0.619428 0.32539 -0.714444 0 0 0 
184 111.146 48.6232 114.912 1 0 0 1 0 0 0 0 0 0 0 0 0 0.396535 0.916507 0.0526746 0.669057 -0.249232 -0.700175 -0.628588 0.312887 -0.712025 0 0 0 
185 111.548 49.5652 114.961 1 0 0 1 0 0 0 0 0 0 0 0 0 0.387708 0.920792 0.0427147 0.664455 -0.247057 -0.70531 -0.638891 0.301836 -0.707611 0 0 0 
186 111.941 50.5122 115 1 0 0 1 0 0 0 0 0 0 0 0 0 0.379568 0.924549 0.0337302 0.602345 -0.219288 -0.767524 -0.702217 0.311645 -0.640132 0 0 0 
187 112.328 51.465 115.03 1 0 0 1 0 0 0 0 0 0 0 0 0 0.370409 0.928521 0.0254071 0.553405 -0.198633 -0.808881 -0.746016 0.313677 -0.587424 0 0 0 
188 112.703 52.4211 115.052 1 0 0 1 0 0 0 0 0 0 0 0 0 0.360151 0.932732 0.0173554 0.397096 -0.136441 -0.907579 -0.84416 0.333758 -0.419524 0 0 0 
189 113.068 53.3817 115.066 1 0 0 1 0 0 0 0 0 0 0 0 0 0.344097 0.938887 0.00940593 0.108027 -0.0296361 -0.993706 -0.932699 0.342948 -0.111623 0 0 0 
190 113.409 54.3485 115.072 1 0 0 1 0 0 0 0 0 0 0 0 0 0.287779 0.957693 0.0027226 0.0637164 -0.0163095 -0.997835 -0.955575 0.287329 -0.0657143 0 0 0 
191 113.65 55.3213 115.071 1 0 0 1 0 0 0 0 0 0 0 0 0 0.201908 0.979399 -0.00311541 0.0637164 -0.0163095 -0.997835 -0.97733 0.201273 -0.0656969 0 0 0 
192 113.811 56.2996 115.065 1 0 0 1 0 0 0 0 0 0 0 0 0 0.201908 0.979399 -0.00311541 0.0637164 -0.0163095 -0.997835 -0.97733 0.201273 -0.0656969 0 0 0 
