ObjectType = Scene
NDims = 3
NObjects = 2
ObjectType = TubeGraph
NDims = 3
BinaryData = False
PointDim = Node r p txx txy txz tyx tyy tyz tzx tzy tzz
NPoints = 16
Points = 
19 4.982 5 0.00770503 0 0.0772317 0 0 0 0.0772317 0 0.992295 
30 4.9055 12 0.126178 0 0.315201 0 0 0 0.315201 0 0.873822 
19 4.3205 118 0.670475 0 0.451887 0 0 0 0.451887 0 0.329525 
60 3.1595 140 0.506907 0 -0.237286 0 0 0 -0.237286 0 0.493093 
88 2.5025 6 0.727968 -0 -0.444931 -0 0 0 -0.444931 0 0.272032 
42 2.06355 30 0.469515 -0 -0.438511 -0 0 0 -0.438511 0 0.430485 
28 2.0075 36 0.108779 0 -0.020836 0 0 0 -0.020836 0 0.891221 
88 1.3325 114 0.676206 0 0.450667 0 0 0 0.450667 0 0.323794 
43 0.727368 95 0.350071 -0.114671 -0.0892842 -0.114671 0.0930787 0.156428 -0.0892842 0.156428 0.556851 
14 1.328 65 0.706311 -0.202866 -0.405732 -0.202866 0.0587378 0.117476 -0.405732 0.117476 0.234951 
57 1.688 15 0.507699 -0.222291 -0.444583 -0.222291 0.0984602 0.19692 -0.444583 0.19692 0.393841 
98 2.012 57 0.181337 0.0103451 0.0206902 0.0103451 0.163733 0.327465 0.0206902 0.327465 0.65493 
9 2.7545 108 0.653741 0.209094 0.418189 0.209094 0.0692518 0.138504 0.418189 0.138504 0.277008 
94 3.857 137 0.468015 -0.119407 -0.238814 -0.119407 0.106397 0.212794 -0.238814 0.212794 0.425588 
62 4.712 53 0.429495 -0.197932 -0.395864 -0.197932 0.114101 0.228202 -0.395864 0.228202 0.456404 
0 4.9775 0 0.00924317 -0.0373374 -0.074674 -0.0373374 0.198151 0.396303 -0.074674 0.396303 0.792606 
ObjectType = TubeGraph
NDims = 3
BinaryData = False
PointDim = Node r p txx txy txz tyx tyy tyz tzx tzy tzz
NPoints = 10
Points = 
43 0.9905 108 0.546802 0.191633 -0.383267 0.191633 0.0906398 -0.181279 -0.383267 -0.181279 0.362558 
57 1.6385 36 0.550089 0.217172 -0.434343 0.217172 0.0899822 -0.179964 -0.434343 -0.179964 0.359929 
15 1.823 5 0.271453 0.198412 -0.396824 0.198412 0.145709 -0.291419 -0.396824 -0.291419 0.582837 
57 1.868 5 0.175028 0.169188 -0.338376 0.169188 0.164994 -0.329989 -0.338376 -0.329989 0.659977 
15 2.3315 98 0.441013 -0.154819 0.309638 -0.154819 0.111797 -0.223595 0.309638 -0.223595 0.44719 
75 2.7815 2 0.738867 -0.19644 0.392879 -0.19644 0.0522266 -0.104453 0.392879 -0.104453 0.208906 
71 3.3575 126 0.418798 -0.0512912 0.102582 -0.0512912 0.11624 -0.232481 0.102582 -0.232481 0.464962 
25 4.226 67 0.710818 0.202303 -0.404606 0.202303 0.0578363 -0.115673 -0.404606 -0.115673 0.231345 
51 4.739 47 0.397509 0.196574 -0.393148 0.196574 0.120498 -0.240997 -0.393148 -0.240997 0.481993 
0 4.9775 0 0.00924325 0.0373372 -0.0746743 0.0373372 0.198152 -0.396303 -0.0746743 -0.396303 0.792604 
