ObjectType = Scene
NDims = 3
NObjects = 3
ObjectType = Group
NDims = 3
ID = 0
Color = 1 0 0 1
BinaryData = False
TransformMatrix = 1 0 0 0 1 0 0 0 1
Offset = 0 0 0
CenterOfRotation = 0 0 0
ElementSpacing = 1 1 1
EndGroup = 
ObjectType = Tube
ObjectSubType = Vessel
NDims = 3
ID = 1
ParentID = 0
Color = 0.8 0.1 0.8 1
BinaryData = False
TransformMatrix = 1 0 0 0 1 0 0 0 1
Offset = 0 0 0
CenterOfRotation = 0 0 0
ElementSpacing = 1 1 1
Root = False
Artery = True
PointDim = id x y z red green blue alpha mark r rn mn bn cv lv ro in tx ty tz v1x v1y v1z v2x v2y v2z a1 a2 a3
NPoints = 51
Points = 
-1 30 50 0 1 0 0 1 0 5 0 0 0 0 0 0 0 0 0 0 0 0 0 0 0 0 0 0 0 
-1 30.7022 50 2 1 0 0 1 0 4.82 0 0 0 0 0 0 0 0 0 0 0 0 0 0 0 0 0 0 0 
-1 32.7103 50 4 1 0 0 1 0 4.64 0 0 0 0 0 0 0 0 0 0 0 0 0 0 0 0 0 0 0 
-1 35.7422 50 6 1 0 0 1 0 4.46 0 0 0 0 0 0 0 0 0 0 0 0 0 0 0 0 0 0 0 
-1 39.3721 50 8 1 0 0 1 0 4.28 0 0 0 0 0 0 0 0 0 0 0 0 0 0 0 0 0 0 0 
-1 43.0902 50 10 1 0 0 1 0 4.1 0 0 0 0 0 0 0 0 0 0 0 0 0 0 0 0 0 0 0 
-1 46.3742 50 12 1 0 0 1 0 3.92 0 0 0 0 0 0 0 0 0 0 0 0 0 0 0 0 0 0 0 
-1 48.7631 50 14 1 0 0 1 0 3.74 0 0 0 0 0 0 0 0 0 0 0 0 0 0 0 0 0 0 0 
-1 49.9211 50 16 1 0 0 1 0 3.56 0 0 0 0 0 0 0 0 0 0 0 0 0 0 0 0 0 0 0 
-1 49.6858 50 18 1 0 0 1 0 3.38 0 0 0 0 0 0 0 0 0 0 0 0 0 0 0 0 0 0 0 
-1 48.0902 50 20 1 0 0 1 0 3.2 0 0 0 0 0 0 0 0 0 0 0 0 0 0 0 0 0 0 0 
-1 45.3583 50 22 1 0 0 1 0 3.02 0 0 0 0 0 0 0 0 0 0 0 0 0 0 0 0 0 0 0 
-1 41.8738 50 24 1 0 0 1 0 2.84 0 0 0 0 0 0 0 0 0 0 0 0 0 0 0 0 0 0 0 
-1 38.1262 50 26 1 0 0 1 0 2.66 0 0 0 0 0 0 0 0 0 0 0 0 0 0 0 0 0 0 0 
-1 34.6417 50 28 1 0 0 1 0 2.48 0 0 0 0 0 0 0 0 0 0 0 0 0 0 0 0 0 0 0 
-1 31.9098 50 30 1 0 0 1 0 2.3 0 0 0 0 0 0 0 0 0 0 0 0 0 0 0 0 0 0 0 
-1 30.3142 50 32 1 0 0 1 0 2.12 0 0 0 0 0 0 0 0 0 0 0 0 0 0 0 0 0 0 0 
-1 30.0789 50 34 1 0 0 1 0 1.94 0 0 0 0 0 0 0 0 0 0 0 0 0 0 0 0 0 0 0 
-1 31.2369 50 36 1 0 0 1 0 1.76 0 0 0 0 0 0 0 0 0 0 0 0 0 0 0 0 0 0 0 
-1 33.6258 50 38 1 0 0 1 0 1.58 0 0 0 0 0 0 0 0 0 0 0 0 0 0 0 0 0 0 0 
-1 36.9098 50 40 1 0 0 1 0 1.4 0 0 0 0 0 0 0 0 0 0 0 0 0 0 0 0 0 0 0 
-1 40.6279 50 42 1 0 0 1 0 1.22 0 0 0 0 0 0 0 0 0 0 0 0 0 0 0 0 0 0 0 
-1 44.2578 50 44 1 0 0 1 0 1.04 0 0 0 0 0 0 0 0 0 0 0 0 0 0 0 0 0 0 0 
-1 47.2897 50 46 1 0 0 1 0 0.86 0 0 0 0 0 0 0 0 0 0 0 0 0 0 0 0 0 0 0 
-1 49.2978 50 48 1 0 0 1 0 0.68 0 0 0 0 0 0 0 0 0 0 0 0 0 0 0 0 0 0 0 
-1 50 50.5 50 1 0 0 1 0 0.5 0 0 0 0 0 0 0 0 0 0 0 0 0 0 0 0 0 0 0 
-1 49.2978 51.5 52 1 0 0 1 0 0.68 0 0 0 0 0 0 0 0 0 0 0 0 0 0 0 0 0 0 0 
-1 47.2897 52.5 54 1 0 0 1 0 0.86 0 0 0 0 0 0 0 0 0 0 0 0 0 0 0 0 0 0 0 
-1 44.2578 53.5 56 1 0 0 1 0 1.04 0 0 0 0 0 0 0 0 0 0 0 0 0 0 0 0 0 0 0 
-1 40.6279 54.5 58 1 0 0 1 0 1.22 0 0 0 0 0 0 0 0 0 0 0 0 0 0 0 0 0 0 0 
-1 36.9098 55.5 60 1 0 0 1 0 1.4 0 0 0 0 0 0 0 0 0 0 0 0 0 0 0 0 0 0 0 
-1 33.6258 56.5 62 1 0 0 1 0 1.58 0 0 0 0 0 0 0 0 0 0 0 0 0 0 0 0 0 0 0 
-1 31.2369 57.5 64 1 0 0 1 0 1.76 0 0 0 0 0 0 0 0 0 0 0 0 0 0 0 0 0 0 0 
-1 30.0789 58.5 66 1 0 0 1 0 1.94 0 0 0 0 0 0 0 0 0 0 0 0 0 0 0 0 0 0 0 
-1 30.3142 59.5 68 1 0 0 1 0 2.12 0 0 0 0 0 0 0 0 0 0 0 0 0 0 0 0 0 0 0 
-1 31.9098 60.5 70 1 0 0 1 0 2.3 0 0 0 0 0 0 0 0 0 0 0 0 0 0 0 0 0 0 0 
-1 34.6417 61.5 72 1 0 0 1 0 2.48 0 0 0 0 0 0 0 0 0 0 0 0 0 0 0 0 0 0 0 
-1 38.1262 62.5 74 1 0 0 1 0 2.66 0 0 0 0 0 0 0 0 0 0 0 0 0 0 0 0 0 0 0 
-1 41.8738 63.5 76 1 0 0 1 0 2.84 0 0 0 0 0 0 0 0 0 0 0 0 0 0 0 0 0 0 0 
-1 45.3583 64.5 78 1 0 0 1 0 3.02 0 0 0 0 0 0 0 0 0 0 0 0 0 0 0 0 0 0 0 
-1 48.0902 65.5 80 1 0 0 1 0 3.2 0 0 0 0 0 0 0 0 0 0 0 0 0 0 0 0 0 0 0 
-1 49.6858 66.5 82 1 0 0 1 0 3.38 0 0 0 0 0 0 0 0 0 0 0 0 0 0 0 0 0 0 0 
-1 49.9211 67.5 84 1 0 0 1 0 3.56 0 0 0 0 0 0 0 0 0 0 0 0 0 0 0 0 0 0 0 
-1 48.7631 68.5 86 1 0 0 1 0 3.74 0 0 0 0 0 0 0 0 0 0 0 0 0 0 0 0 0 0 0 
-1 46.3742 69.5 88 1 0 0 1 0 3.92 0 0 0 0 0 0 0 0 0 0 0 0 0 0 0 0 0 0 0 
-1 43.0902 70.5 90 1 0 0 1 0 4.1 0 0 0 0 0 0 0 0 0 0 0 0 0 0 0 0 0 0 0 
-1 39.3721 71.5 92 1 0 0 1 0 4.28 0 0 0 0 0 0 0 0 0 0 0 0 0 0 0 0 0 0 0 
-1 35.7422 72.5 94 1 0 0 1 0 4.46 0 0 0 0 0 0 0 0 0 0 0 0 0 0 0 0 0 0 0 
-1 32.7103 73.5 96 1 0 0 1 0 4.64 0 0 0 0 0 0 0 0 0 0 0 0 0 0 0 0 0 0 0 
-1 30.7022 74.5 98 1 0 0 1 0 4.82 0 0 0 0 0 0 0 0 0 0 0 0 0 0 0 0 0 0 0 
-1 30 75.5 100 1 0 0 1 0 5 0 0 0 0 0 0 0 0 0 0 0 0 0 0 0 0 0 0 0 
ObjectType = Tube
ObjectSubType = Vessel
NDims = 3
ID = 2
ParentID = 0
Color = 0.8 0.1 0.8 1
BinaryData = False
TransformMatrix = 1 0 0 0 1 0 0 0 1
Offset = 0 0 0
CenterOfRotation = 0 0 0
ElementSpacing = 1 1 1
Root = False
Artery = True
PointDim = id x y z red green blue alpha mark r rn mn bn cv lv ro in tx ty tz v1x v1y v1z v2x v2y v2z a1 a2 a3
NPoints = 26
Points = 
-1 49.9982 50.45 50.1 1 0 0 1 0 0.509 0 0 0 0 0 0 0 0 0 0 0 0 0 0 0 0 0 0 0 
-1 49.2267 49.45 52.1 1 0 0 1 0 0.689 0 0 0 0 0 0 0 0 0 0 0 0 0 0 0 0 0 0 0 
-1 47.1594 48.45 54.1 1 0 0 1 0 0.869 0 0 0 0 0 0 0 0 0 0 0 0 0 0 0 0 0 0 0 
-1 44.0865 47.45 56.1 1 0 0 1 0 1.049 0 0 0 0 0 0 0 0 0 0 0 0 0 0 0 0 0 0 0 
-1 40.4397 46.45 58.1 1 0 0 1 0 1.229 0 0 0 0 0 0 0 0 0 0 0 0 0 0 0 0 0 0 0 
-1 36.7311 45.45 60.1 1 0 0 1 0 1.409 0 0 0 0 0 0 0 0 0 0 0 0 0 0 0 0 0 0 0 
-1 33.4817 44.45 62.1 1 0 0 1 0 1.589 0 0 0 0 0 0 0 0 0 0 0 0 0 0 0 0 0 0 0 
-1 31.1477 43.45 64.1 1 0 0 1 0 1.769 0 0 0 0 0 0 0 0 0 0 0 0 0 0 0 0 0 0 0 
-1 30.057 42.45 66.1 1 0 0 1 0 1.949 0 0 0 0 0 0 0 0 0 0 0 0 0 0 0 0 0 0 0 
-1 30.3628 41.45 68.1 1 0 0 1 0 2.129 0 0 0 0 0 0 0 0 0 0 0 0 0 0 0 0 0 0 0 
-1 32.0221 40.45 70.1 1 0 0 1 0 2.309 0 0 0 0 0 0 0 0 0 0 0 0 0 0 0 0 0 0 0 
-1 34.8018 39.45 72.1 1 0 0 1 0 2.489 0 0 0 0 0 0 0 0 0 0 0 0 0 0 0 0 0 0 0 
-1 38.3117 38.45 74.1 1 0 0 1 0 2.669 0 0 0 0 0 0 0 0 0 0 0 0 0 0 0 0 0 0 0 
-1 42.0586 37.45 76.1 1 0 0 1 0 2.849 0 0 0 0 0 0 0 0 0 0 0 0 0 0 0 0 0 0 0 
-1 45.5165 36.45 78.1 1 0 0 1 0 3.029 0 0 0 0 0 0 0 0 0 0 0 0 0 0 0 0 0 0 0 
-1 48.1995 35.45 80.1 1 0 0 1 0 3.209 0 0 0 0 0 0 0 0 0 0 0 0 0 0 0 0 0 0 0 
-1 49.731 34.45 82.1 1 0 0 1 0 3.389 0 0 0 0 0 0 0 0 0 0 0 0 0 0 0 0 0 0 0 
-1 49.8958 33.45 84.1 1 0 0 1 0 3.569 0 0 0 0 0 0 0 0 0 0 0 0 0 0 0 0 0 0 0 
-1 48.6707 32.45 86.1 1 0 0 1 0 3.749 0 0 0 0 0 0 0 0 0 0 0 0 0 0 0 0 0 0 0 
-1 46.2279 31.45 88.1 1 0 0 1 0 3.929 0 0 0 0 0 0 0 0 0 0 0 0 0 0 0 0 0 0 0 
-1 42.9104 30.45 90.1 1 0 0 1 0 4.109 0 0 0 0 0 0 0 0 0 0 0 0 0 0 0 0 0 0 0 
-1 39.1841 29.45 92.1 1 0 0 1 0 4.289 0 0 0 0 0 0 0 0 0 0 0 0 0 0 0 0 0 0 0 
-1 35.5724 28.45 94.1 1 0 0 1 0 4.469 0 0 0 0 0 0 0 0 0 0 0 0 0 0 0 0 0 0 0 
-1 32.5826 27.45 96.1 1 0 0 1 0 4.649 0 0 0 0 0 0 0 0 0 0 0 0 0 0 0 0 0 0 0 
-1 30.6345 26.45 98.1 1 0 0 1 0 4.829 0 0 0 0 0 0 0 0 0 0 0 0 0 0 0 0 0 0 0 
-1 30 25.5 100 1 0 0 1 0 5 0 0 0 0 0 0 0 0 0 0 0 0 0 0 0 0 0 0 0 
