0.000000000000000,0.000000000000000,0.000000000000000
0.000000000000000,0.000000000000000,0.000000000000000
0.000000000000000,0.000000000000000,0.000000000000000
0.000000000000000,0.000000000000000,0.000000000000000
0.000000000000000,0.000000000000000,0.000000000000000
0.000000000000000,0.000000000000000,0.000000000000000
0.000000000000000,0.000000000000000,0.000000000000000
0.000000000000000,0.000000000000000,0.000000000000000
0.000000000000000,0.000000000000000,0.000000000000000
80.205596923828125,212.731002807617188,0.532989978790283
62.136100769042969,165.742004394531250,0.402579993009567
49.244701385498047,132.009002685546875,0.312640011310577
39.777698516845703,107.099998474121094,0.248699992895126
32.656501770019531,88.266700744628906,0.202050000429153
27.188199996948242,73.747299194335938,0.167250007390976
22.842300415039062,62.142200469970703,0.140770003199577
19.401500701904297,52.922901153564453,0.120279997587204
16.638999938964844,45.497699737548828,0.104170002043247
14.392999649047852,39.443901062011719,0.091337002813816
12.546600341796875,34.455101013183594,0.080981999635696
10.992699623107910,30.236499786376953,0.072532996535301
9.692850112915039,26.701999664306641,0.065571002662182
8.597229957580566,23.715799331665039,0.059781000018120
7.665880203247070,21.173599243164062,0.054924998432398
6.869200229644775,18.995599746704102,0.050820998847485
6.183519840240479,17.116899490356445,0.047327000647783
5.589580059051514,15.487199783325195,0.044332999736071
5.072599887847900,14.065999984741211,0.041751001030207
4.620540142059326,12.820099830627441,0.039510998874903
4.222939968109131,11.722800254821777,0.037556998431683
3.868999958038330,10.740099906921387,0.035842999815941
3.555459976196289,9.867890357971191,0.034333001822233
3.276649951934814,9.092109680175781,0.032997000962496
16.582300186157227,8.398489952087402,0.031808000057936
15.388999938964844,7.776999950408936,0.030747000128031
14.311100006103516,7.217840194702148,0.029796000570059
13.334899902343750,6.713419914245605,0.028939999639988
12.447899818420410,6.257120132446289,0.028165999799967
11.639399528503418,5.843160152435303,0.027465999126434
10.900899887084961,5.466720104217529,0.026828000321984
10.224599838256836,5.120860099792480,0.026247000321746
9.604060173034668,4.805099964141846,0.025715000927448
9.033309936523438,4.516109943389893,0.025226999074221
8.507450103759766,4.251309871673584,0.024777000769973
8.021550178527832,4.008069992065430,0.024361999705434
7.572649955749512,3.784339904785156,0.023978000506759
7.156799793243408,3.578150033950806,0.023622000589967
6.771039962768555,3.387840032577515,0.023290999233723
6.412409782409668,3.211899995803833,0.022981999441981
6.078939914703369,3.049079895019531,0.022693000733852
5.768159866333008,14.158399581909180,0.022422999143600
5.478099822998047,13.461600303649902,0.022168999537826
5.207270145416260,12.811400413513184,0.021931000053883
4.954209804534912,12.203900337219238,0.021705999970436
4.717229843139648,11.635899543762207,0.021493999287486
4.495540142059326,11.104200363159180,0.021292999386787
4.287710189819336,10.605799674987793,0.021103000268340
4.092810153961182,10.137299537658691,0.020922999829054
3.909749984741211,9.698040008544922,0.020750999450684
3.737730026245117,9.284079551696777,0.020586999133229
3.575930118560791,8.895400047302246,0.020431000739336
3.423599958419800,8.528050422668457,0.020282000303268
3.280050039291382,8.182029724121094,0.020138999447227
3.144690036773682,7.855130195617676,0.020002000033855
3.016829967498779,7.546000003814697,0.019871000200510
2.896019935607910,7.253620147705078,0.019744999706745
2.781820058822632,6.976650238037109,0.019624000415206
2.673690080642700,6.714049816131592,0.019507000222802
2.571229934692383,6.464890003204346,0.019393999129534
2.474149942398071,6.228360176086426,0.019285000860691
2.381999969482422,6.003610134124756,0.019179999828339
2.294539928436279,5.789830207824707,0.019077999517322
2.211460113525391,5.586329936981201,0.018980000168085
2.132440090179443,5.392539978027344,0.018883999437094
2.057310104370117,5.207839965820312,0.018790999427438
1.985780000686646,5.031670093536377,0.018701000139117
1.917610049247742,4.863560199737549,0.018613999709487
1.852640032768250,4.702950000762939,0.018528999760747
1.790680050849915,4.549530029296875,0.018446000292897
1.731529951095581,4.402910232543945,0.018364999443293
1.675099968910217,4.262519836425781,0.018286999315023
1.621129989624023,4.128220081329346,0.018209999427199
1.569579958915710,3.999609947204590,0.018135000020266
1.520300030708313,3.876369953155518,0.018061999231577
1.473090052604675,3.758349895477295,0.017991000786424
1.427960038185120,3.645139932632446,0.017921000719070
1.384690046310425,3.536509990692139,0.017852000892162
1.343260049819946,3.432310104370117,0.017784999683499
1.303550004959106,3.332299947738647,0.017720000818372
1.265460014343262,3.236239910125732,0.017655000090599
1.228909969329834,3.143959999084473,0.017591999843717
1.193840026855469,3.055249929428101,0.017529999837279
1.160140037536621,2.970010042190552,0.017470000311732
1.127779960632324,2.888000011444092,0.017410000786185
1.096699953079224,2.809079885482788,0.017350999638438
1.066810011863708,2.733160018920898,0.017294000834227
1.038050055503845,2.660089969635010,0.017237000167370
1.010380029678345,2.589620113372803,0.017180999740958
0.983788013458252,2.521840095520020,0.017126999795437
0.958136975765228,2.456429958343506,0.017072999849916
0.933422029018402,2.393379926681519,0.017018999904394
0.909645020961761,2.332629919052124,0.016967000439763
0.886707007884979,2.274009943008423,0.016914999112487
0.864606976509094,2.217370033264160,0.016865000128746
0.843295991420746,2.162780046463013,0.016814999282360
0.822726011276245,2.110009908676147,0.016765000298619
0.802846014499664,2.059060096740723,0.016715999692678
0.783656001091003,2.009759902954102,0.016667999327183
0.765157997608185,1.962200045585632,0.016620999202132
0.747250974178314,1.916219949722290,0.016573999077082
0.729984998703003,1.871670007705688,0.016527999192476
0.713262021541595,1.828609943389893,0.016481999307871
0.697081983089447,1.786980032920837,0.016436999663711
0.681445002555847,1.746610045433044,0.016392000019550
0.666299998760223,1.707589983940125,0.016348000615835
0.651699006557465,1.669739961624146,0.016304999589920
0.637492001056671,1.633170008659363,0.016262000426650
0.623777985572815,1.597620010375977,0.016218999400735
0.610508024692535,1.563249945640564,0.016177000477910
0.597633004188538,1.529909968376160,0.016134999692440
0.585151970386505,1.497519969940186,0.016093999147415
0.573017001152039,1.466160058975220,0.016053000465035
0.561276972293854,1.435750007629395,0.016013000160456
0.549930989742279,1.406200051307678,0.015972999855876
0.538881003856659,1.377519965171814,0.015932999551296
0.528176009654999,1.349709987640381,0.015893999487162
0.517768025398254,1.322700023651123,0.015854999423027
0.507704019546509,1.296390056610107,0.015816999599338
0.497887998819351,1.270869970321655,0.015778999775648
0.488366991281509,1.246070027351379,0.015740999951959
0.479122996330261,1.221969962120056,0.015704000368714
0.470135003328323,1.198590040206909,0.015667000785470
0.461403012275696,1.175840020179749,0.015629999339581
0.452913999557495,1.153640031814575,0.015593999996781
0.444660991430283,1.132069945335388,0.015557999722660
0.436634987592697,1.111129999160767,0.015522000379860
0.428826004266739,1.090749979019165,0.015487000346184
0.421229004859924,1.070850014686584,0.015452000312507
0.413839012384415,1.051570057868958,0.015417000278831
0.406641989946365,1.032690048217773,0.015382999554276
0.399641990661621,1.014359951019287,0.015348000451922
0.392820000648499,0.996505975723267,0.015313999727368
0.386180013418198,0.979125976562500,0.015281000174582
0.379707992076874,0.962140977382660,0.015247000381351
0.373403012752533,0.945630013942719,0.015213999897242
0.367262005805969,0.929513990879059,0.015181000344455
0.361277997493744,0.913872003555298,0.015149000100791
0.355441987514496,0.898545980453491,0.015115999616683
0.349754989147186,0.883615016937256,0.015084000304341
0.344204992055893,0.869000017642975,0.015052000060678
