ObjectType = Scene
NDims = 3
NObjects = 1
ObjectType = Tube
ObjectSubType = Vessel
NDims = 3
ID = 1
Color = 1 0 0 1
BinaryData = False
TransformMatrix = 1 0 0 0 1 0 0 0 1
Offset = 0 0 0
CenterOfRotation = 0 0 0
ElementSpacing = 1 1 1
Root = False
Artery = True
PointDim = x y z r rn mn bn mk v1x v1y v1z v2x v2y v2z tx ty tz a1 a2 a3 red green blue alpha id
NPoints = 100
Points = 
50 50 0 25 0 0 0 0 0 -1 0 1 0 -0 0 0 1 0 0 0 1 0 0 1 -1 
50 50 1 25 0 0 0 0 0 -1 0 1 0 -0 0 0 1 0 0 0 1 0 0 1 -1 
50 50 2 25 0 0 0 0 0 -1 0 1 0 -0 0 0 1 0 0 0 1 0 0 1 -1 
50 50 3 25 0 0 0 0 0 -1 0 1 0 -0 0 0 1 0 0 0 1 0 0 1 -1 
50 50 4 25 0 0 0 0 0 -1 0 1 0 -0 0 0 1 0 0 0 1 0 0 1 -1 
50 50 5 25 0 0 0 0 0 -1 0 1 0 -0 0 0 1 0 0 0 1 0 0 1 -1 
50 50 6 25 0 0 0 0 0 -1 0 1 0 -0 0 0 1 0 0 0 1 0 0 1 -1 
50 50 7 25 0 0 0 0 0 -1 0 1 0 -0 0 0 1 0 0 0 1 0 0 1 -1 
50 50 8 25 0 0 0 0 0 -1 0 1 0 -0 0 0 1 0 0 0 1 0 0 1 -1 
50 50 9 25 0 0 0 0 0 -1 0 1 0 -0 0 0 1 0 0 0 1 0 0 1 -1 
50 50 10 25 0 0 0 0 0 -1 0 1 0 -0 0 0 1 0 0 0 1 0 0 1 -1 
50 50 11 25 0 0 0 0 0 -1 0 1 0 -0 0 0 1 0 0 0 1 0 0 1 -1 
50 50 12 25 0 0 0 0 0 -1 0 1 0 -0 0 0 1 0 0 0 1 0 0 1 -1 
50 50 13 25 0 0 0 0 0 -1 0 1 0 -0 0 0 1 0 0 0 1 0 0 1 -1 
50 50 14 25 0 0 0 0 0 -1 0 1 0 -0 0 0 1 0 0 0 1 0 0 1 -1 
50 50 15 25 0 0 0 0 0 -1 0 1 0 -0 0 0 1 0 0 0 1 0 0 1 -1 
50 50 16 25 0 0 0 0 0 -1 0 1 0 -0 0 0 1 0 0 0 1 0 0 1 -1 
50 50 17 25 0 0 0 0 0 -1 0 1 0 -0 0 0 1 0 0 0 1 0 0 1 -1 
50 50 18 25 0 0 0 0 0 -1 0 1 0 -0 0 0 1 0 0 0 1 0 0 1 -1 
50 50 19 25 0 0 0 0 0 -1 0 1 0 -0 0 0 1 0 0 0 1 0 0 1 -1 
50 50 20 25 0 0 0 0 0 -1 0 1 0 -0 0 0 1 0 0 0 1 0 0 1 -1 
50 50 21 25 0 0 0 0 0 -1 0 1 0 -0 0 0 1 0 0 0 1 0 0 1 -1 
50 50 22 25 0 0 0 0 0 -1 0 1 0 -0 0 0 1 0 0 0 1 0 0 1 -1 
50 50 23 25 0 0 0 0 0 -1 0 1 0 -0 0 0 1 0 0 0 1 0 0 1 -1 
50 50 24 25 0 0 0 0 0 -1 0 1 0 -0 0 0 1 0 0 0 1 0 0 1 -1 
50 50 25 25 0 0 0 0 0 -1 0 1 0 -0 0 0 1 0 0 0 1 0 0 1 -1 
50 50 26 25 0 0 0 0 0 -1 0 1 0 -0 0 0 1 0 0 0 1 0 0 1 -1 
50 50 27 25 0 0 0 0 0 -1 0 1 0 -0 0 0 1 0 0 0 1 0 0 1 -1 
50 50 28 25 0 0 0 0 0 -1 0 1 0 -0 0 0 1 0 0 0 1 0 0 1 -1 
50 50 29 25 0 0 0 0 0 -1 0 1 0 -0 0 0 1 0 0 0 1 0 0 1 -1 
50 50 30 25 0 0 0 0 0 -1 0 1 0 -0 0 0 1 0 0 0 1 0 0 1 -1 
50 50 31 25 0 0 0 0 0 -1 0 1 0 -0 0 0 1 0 0 0 1 0 0 1 -1 
50 50 32 25 0 0 0 0 0 -1 0 1 0 -0 0 0 1 0 0 0 1 0 0 1 -1 
50 50 33 25 0 0 0 0 0 -1 0 1 0 -0 0 0 1 0 0 0 1 0 0 1 -1 
50 50 34 25 0 0 0 0 0 -1 0 1 0 -0 0 0 1 0 0 0 1 0 0 1 -1 
50 50 35 25 0 0 0 0 0 -1 0 1 0 -0 0 0 1 0 0 0 1 0 0 1 -1 
50 50 36 25 0 0 0 0 0 -1 0 1 0 -0 0 0 1 0 0 0 1 0 0 1 -1 
50 50 37 25 0 0 0 0 0 -1 0 1 0 -0 0 0 1 0 0 0 1 0 0 1 -1 
50 50 38 25 0 0 0 0 0 -1 0 1 0 -0 0 0 1 0 0 0 1 0 0 1 -1 
50 50 39 25 0 0 0 0 0 -1 0 1 0 -0 0 0 1 0 0 0 1 0 0 1 -1 
50 50 40 25 0 0 0 0 0 -1 0 1 0 -0 0 0 1 0 0 0 1 0 0 1 -1 
50 50 41 25 0 0 0 0 0 -1 0 1 0 -0 0 0 1 0 0 0 1 0 0 1 -1 
50 50 42 25 0 0 0 0 0 -1 0 1 0 -0 0 0 1 0 0 0 1 0 0 1 -1 
50 50 43 25 0 0 0 0 0 -1 0 1 0 -0 0 0 1 0 0 0 1 0 0 1 -1 
50 50 44 25 0 0 0 0 0 -1 0 1 0 -0 0 0 1 0 0 0 1 0 0 1 -1 
50 50 45 25 0 0 0 0 0 -1 0 1 0 -0 0 0 1 0 0 0 1 0 0 1 -1 
50 50 46 25 0 0 0 0 0 -1 0 1 0 -0 0 0 1 0 0 0 1 0 0 1 -1 
50 50 47 25 0 0 0 0 0 -1 0 1 0 -0 0 0 1 0 0 0 1 0 0 1 -1 
50 50 48 25 0 0 0 0 0 -1 0 1 0 -0 0 0 1 0 0 0 1 0 0 1 -1 
50 50 49 25 0 0 0 0 0 -1 0 1 0 -0 0 0 1 0 0 0 1 0 0 1 -1 
50 50 50 25 0 0 0 0 0 -1 0 1 0 -0 0 0 1 0 0 0 1 0 0 1 -1 
50 50 51 25 0 0 0 0 0 -1 0 1 0 -0 0 0 1 0 0 0 1 0 0 1 -1 
50 50 52 25 0 0 0 0 0 -1 0 1 0 -0 0 0 1 0 0 0 1 0 0 1 -1 
50 50 53 25 0 0 0 0 0 -1 0 1 0 -0 0 0 1 0 0 0 1 0 0 1 -1 
50 50 54 25 0 0 0 0 0 -1 0 1 0 -0 0 0 1 0 0 0 1 0 0 1 -1 
50 50 55 25 0 0 0 0 0 -1 0 1 0 -0 0 0 1 0 0 0 1 0 0 1 -1 
50 50 56 25 0 0 0 0 0 -1 0 1 0 -0 0 0 1 0 0 0 1 0 0 1 -1 
50 50 57 25 0 0 0 0 0 -1 0 1 0 -0 0 0 1 0 0 0 1 0 0 1 -1 
50 50 58 25 0 0 0 0 0 -1 0 1 0 -0 0 0 1 0 0 0 1 0 0 1 -1 
50 50 59 25 0 0 0 0 0 -1 0 1 0 -0 0 0 1 0 0 0 1 0 0 1 -1 
50 50 60 25 0 0 0 0 0 -1 0 1 0 -0 0 0 1 0 0 0 1 0 0 1 -1 
50 50 61 25 0 0 0 0 0 -1 0 1 0 -0 0 0 1 0 0 0 1 0 0 1 -1 
50 50 62 25 0 0 0 0 0 -1 0 1 0 -0 0 0 1 0 0 0 1 0 0 1 -1 
50 50 63 25 0 0 0 0 0 -1 0 1 0 -0 0 0 1 0 0 0 1 0 0 1 -1 
50 50 64 25 0 0 0 0 0 -1 0 1 0 -0 0 0 1 0 0 0 1 0 0 1 -1 
50 50 65 25 0 0 0 0 0 -1 0 1 0 -0 0 0 1 0 0 0 1 0 0 1 -1 
50 50 66 25 0 0 0 0 0 -1 0 1 0 -0 0 0 1 0 0 0 1 0 0 1 -1 
50 50 67 25 0 0 0 0 0 -1 0 1 0 -0 0 0 1 0 0 0 1 0 0 1 -1 
50 50 68 25 0 0 0 0 0 -1 0 1 0 -0 0 0 1 0 0 0 1 0 0 1 -1 
50 50 69 25 0 0 0 0 0 -1 0 1 0 -0 0 0 1 0 0 0 1 0 0 1 -1 
50 50 70 25 0 0 0 0 0 -1 0 1 0 -0 0 0 1 0 0 0 1 0 0 1 -1 
50 50 71 25 0 0 0 0 0 -1 0 1 0 -0 0 0 1 0 0 0 1 0 0 1 -1 
50 50 72 25 0 0 0 0 0 -1 0 1 0 -0 0 0 1 0 0 0 1 0 0 1 -1 
50 50 73 25 0 0 0 0 0 -1 0 1 0 -0 0 0 1 0 0 0 1 0 0 1 -1 
50 50 74 25 0 0 0 0 0 -1 0 1 0 -0 0 0 1 0 0 0 1 0 0 1 -1 
50 50 75 25 0 0 0 0 0 -1 0 1 0 -0 0 0 1 0 0 0 1 0 0 1 -1 
50 50 76 25 0 0 0 0 0 -1 0 1 0 -0 0 0 1 0 0 0 1 0 0 1 -1 
50 50 77 25 0 0 0 0 0 -1 0 1 0 -0 0 0 1 0 0 0 1 0 0 1 -1 
50 50 78 25 0 0 0 0 0 -1 0 1 0 -0 0 0 1 0 0 0 1 0 0 1 -1 
50 50 79 25 0 0 0 0 0 -1 0 1 0 -0 0 0 1 0 0 0 1 0 0 1 -1 
50 50 80 25 0 0 0 0 0 -1 0 1 0 -0 0 0 1 0 0 0 1 0 0 1 -1 
50 50 81 25 0 0 0 0 0 -1 0 1 0 -0 0 0 1 0 0 0 1 0 0 1 -1 
50 50 82 25 0 0 0 0 0 -1 0 1 0 -0 0 0 1 0 0 0 1 0 0 1 -1 
50 50 83 25 0 0 0 0 0 -1 0 1 0 -0 0 0 1 0 0 0 1 0 0 1 -1 
50 50 84 25 0 0 0 0 0 -1 0 1 0 -0 0 0 1 0 0 0 1 0 0 1 -1 
50 50 85 25 0 0 0 0 0 -1 0 1 0 -0 0 0 1 0 0 0 1 0 0 1 -1 
50 50 86 25 0 0 0 0 0 -1 0 1 0 -0 0 0 1 0 0 0 1 0 0 1 -1 
50 50 87 25 0 0 0 0 0 -1 0 1 0 -0 0 0 1 0 0 0 1 0 0 1 -1 
50 50 88 25 0 0 0 0 0 -1 0 1 0 -0 0 0 1 0 0 0 1 0 0 1 -1 
50 50 89 25 0 0 0 0 0 -1 0 1 0 -0 0 0 1 0 0 0 1 0 0 1 -1 
50 50 90 25 0 0 0 0 0 -1 0 1 0 -0 0 0 1 0 0 0 1 0 0 1 -1 
50 50 91 25 0 0 0 0 0 -1 0 1 0 -0 0 0 1 0 0 0 1 0 0 1 -1 
50 50 92 25 0 0 0 0 0 -1 0 1 0 -0 0 0 1 0 0 0 1 0 0 1 -1 
50 50 93 25 0 0 0 0 0 -1 0 1 0 -0 0 0 1 0 0 0 1 0 0 1 -1 
50 50 94 25 0 0 0 0 0 -1 0 1 0 -0 0 0 1 0 0 0 1 0 0 1 -1 
50 50 95 25 0 0 0 0 0 -1 0 1 0 -0 0 0 1 0 0 0 1 0 0 1 -1 
50 50 96 25 0 0 0 0 0 -1 0 1 0 -0 0 0 1 0 0 0 1 0 0 1 -1 
50 50 97 25 0 0 0 0 0 -1 0 1 0 -0 0 0 1 0 0 0 1 0 0 1 -1 
50 50 98 25 0 0 0 0 0 -1 0 1 0 -0 0 0 1 0 0 0 1 0 0 1 -1 
50 50 99 25 0 0 0 0 0 -1 0 1 0 -0 0 0 1 0 0 0 1 0 0 1 -1 
